6.76687515341e-01 -3.23272402398e-01
-1.79290363565e-01 -8.65928167477e-02
5.37580560893e-01 -1.22035286389e-01
2.41092350334e-01 8.07589272037e-01
-1.18644687347e-01 7.85797311924e-01
-9.69579951838e-01 -6.09149510972e-01
7.92185593396e-01 7.31845594943e-01
8.09499591589e-01 1.20397980325e-01
7.05441225320e-01 -7.62740924023e-01
-1.60526453517e-01 -1.13813830540e-01
5.95154706389e-01 3.87947626412e-01
-2.23525692709e-01 -1.28046371043e-01
-4.60145487450e-01 -4.66178826988e-01
-8.43014709651e-01 7.67562189139e-01
6.15665413439e-01 -6.55004860833e-01
6.94971125573e-01 4.87549034879e-01
-6.03670235723e-01 -9.15047026239e-01
6.06961064041e-01 6.15363970399e-01
2.97873864882e-01 4.55044819042e-01
-9.65905297548e-01 -3.53449484333e-01
6.42754799686e-01 -9.98865739442e-01
7.56023172289e-02 4.52529408969e-01
-4.44537644275e-01 -3.77945019864e-01
-3.08944927529e-02 3.38495668955e-01
-9.08084303141e-01 2.93270450085e-01
-1.97555077262e-01 -2.93484723195e-01
-5.03918651491e-01 -6.82799031958e-01
-1.22574019246e-01 -7.01409569941e-01
-9.01911815628e-01 -8.24163259938e-01
9.59970895201e-01 3.34432348609e-03
3.78968117759e-01 2.23751019686e-01
3.21921911091e-01 3.79998306744e-01
-2.12727745064e-01 7.79378972948e-01
6.44024170004e-01 -1.82888306677e-01
-1.77746396512e-01 7.64854300767e-01
-4.34324050322e-01 -8.10165182687e-01
-8.97460515611e-01 -3.22716655210e-01
8.10945892707e-01 -1.32065555081e-02
4.48921289295e-01 -2.66240865923e-01
6.48005237803e-01 1.56089483760e-01
1.69764738530e-01 6.20294840075e-01
6.11182873137e-01 8.06997261941e-01
5.10090440512e-02 7.05141546205e-01
-3.45733184367e-01 -3.31105931662e-01
-8.31390457228e-01 -9.26571547054e-01
6.22623804957e-01 9.15211406536e-01
2.72185904905e-02 -8.01738517359e-01
9.72610905766e-01 2.35970847309e-01
5.16333053820e-01 9.98976427130e-01
2.87465896457e-01 -1.27976679243e-01
-5.28163649142e-02 1.10441098921e-01
3.29920029268e-01 -1.01005227305e-01
8.86362791061e-02 7.87971502170e-01
-4.47488701902e-01 -4.26686895080e-01
-5.33316224813e-01 -7.68928924575e-01
-6.30167249590e-01 1.21273543686e-01
-2.36591023393e-01 -4.32431045920e-02
-5.06317741238e-01 -5.96093888395e-01
-7.74376815185e-01 9.80428867042e-02
-9.57162829116e-01 -8.86408586055e-01
9.55964738503e-01 5.29828908853e-01
3.78553620540e-01 2.59218923748e-01
1.76714518107e-01 7.03524283133e-01
-3.14955286682e-01 7.89694148116e-01
6.26489497721e-01 -4.19150786474e-01
-1.34200870991e-01 8.09580325149e-01
-4.05548757873e-01 5.42298542336e-01
-5.75227912515e-01 8.95917308517e-01
8.16329332069e-01 3.88402021490e-01
2.79173947871e-01 -4.77445103228e-01
2.27401825599e-01 4.86532412469e-01
5.31732141972e-02 4.28064886481e-01
5.60056670569e-01 3.80173830315e-01
1.87504068948e-01 4.22883242369e-01
-4.19574947096e-01 8.05131728761e-01
7.95127376914e-01 3.47147580236e-01
6.63925700821e-01 -3.22828033008e-01
-1.81970381178e-01 -9.36706718057e-02
7.05674349330e-01 -2.59942216799e-02
-3.48630071618e-01 8.70979986154e-01
4.84828985296e-01 6.42050678842e-01
-1.23804083094e-01 3.87814410031e-01
-7.22663315944e-01 3.90396293253e-01
4.37808243558e-01 -4.31164745241e-02
-7.51547254622e-02 -4.67502007261e-01
-6.28432838246e-01 4.50777450576e-01
9.48695161380e-01 -2.88046205416e-01
-2.03088589944e-01 3.35190890357e-01
-2.98326492310e-01 -3.24423079379e-01
-5.68805134855e-01 -2.65384084545e-01
5.19850238226e-01 -6.94712128490e-01
6.17217543535e-01 8.20336194709e-01
4.01602732018e-02 7.02129873447e-01
-9.92187159136e-02 -8.24773635715e-01
-9.37288279645e-01 1.38910464942e-01
8.22659097612e-02 -4.01099819690e-01
-1.51061053388e-01 1.88285652548e-01
-2.94983007945e-01 3.59461937100e-01
-8.74309993349e-01 2.42043629289e-01
7.55368020386e-01 -8.02521460690e-01
4.59484774619e-01 -2.18908213079e-01
2.44493290782e-01 -6.52227423154e-01
-2.55105404183e-01 -9.31835109368e-01
7.96777927317e-01 2.48560572974e-01
1.44428765401e-01 7.16580254957e-01
-8.70127389207e-02 2.58703153580e-01
-8.75765106641e-01 9.07859057188e-02
7.17479608953e-01 2.63545663096e-01
-2.43957811967e-01 2.62987021357e-01
7.10107549094e-01 -2.03327085823e-01
2.24081666209e-01 -1.13442353904e-03
-8.25360773131e-01 -8.76199314371e-02
-8.52678921074e-02 -4.37913886271e-01
-6.30883956328e-01 5.24174516089e-01
7.62675774284e-01 -8.84375401773e-01
-3.06832324713e-02 -9.52649140731e-01
-7.35556483269e-01 -9.11328165792e-01
9.66537622735e-01 -5.44340456836e-01
-2.68626347184e-01 4.21160549857e-01
-5.55552745238e-01 -4.07405208796e-01
-9.08161602914e-01 -5.12056692503e-01
5.13211482204e-01 1.55831474811e-01
3.01366033964e-01 1.33224284276e-01
1.06077710167e-01 2.35618933104e-01
-1.23449849896e-01 -3.82950345986e-01
-9.05381199904e-01 3.71481645852e-01
-2.28520817123e-01 -6.43955375068e-01
-4.33833030052e-01 5.26572600938e-01
-3.08472408913e-01 -4.22947760671e-03
-8.64917445928e-01 -8.29526211135e-01
9.09414113499e-01 -9.67146622017e-01
6.72060646117e-01 -7.67900140025e-01
1.54272019863e-02 -1.06625439599e-01
-2.72733332589e-01 6.22003534809e-01
3.90936176293e-01 -9.78250419721e-02
1.44558019005e-01 9.56710352562e-01
-1.84201644734e-01 8.41448545456e-01
-7.28098341264e-01 5.71563428268e-01
-7.71800309420e-01 8.63855101168e-01
-1.47928272374e-01 -9.13332553580e-01
6.10994962975e-01 -4.39807360061e-01
7.63857364655e-03 -8.97771403193e-01
-9.76042542607e-02 9.87666333094e-02
9.16019125842e-01 8.51737832651e-01
-6.99775138870e-01 2.42586728185e-01
9.93810120039e-01 6.78859583102e-01
3.37711512111e-01 2.42290913127e-01
-7.33117328025e-01 -7.95131276362e-01
8.71108185500e-01 9.91866865195e-01
-4.84905404970e-01 3.51615712978e-01
-8.49136061035e-01 -3.92082836479e-02
-7.53299178556e-01 -8.93231885508e-01
5.57631872594e-01 -6.83652053587e-01
4.78557021357e-01 4.53420666978e-01
-4.30662488565e-01 -2.48491115868e-01
-6.33906852454e-02 4.64597447775e-01
-5.23991046473e-01 9.08830411732e-01
-1.71469588764e-01 7.31287486851e-02
-7.48800675385e-01 -3.46699710935e-01
-6.30344131030e-01 4.09366820939e-01
-8.40054113418e-01 -3.70933954604e-01
5.27421243489e-01 -9.20164287090e-02
2.00669412501e-01 -9.31490353309e-01
7.95139344409e-02 -9.34765088372e-01
-3.91569364816e-01 -6.31261104718e-01
4.67728430405e-01 5.71907239035e-01
-1.16537209600e-01 -1.44854572602e-01
-1.11765683629e-01 1.19433489628e-01
-7.07092309371e-01 -7.44590008631e-01
-7.51059920527e-01 4.55207607709e-01
6.32985077798e-01 -6.16123028100e-01
-4.08477400430e-01 2.84787593409e-01
-8.90869718045e-01 -7.33700426295e-01
6.14225738682e-01 2.58515262976e-01
1.84776661918e-02 7.06357565708e-01
-8.72918898240e-01 7.48226837255e-01
8.30719613470e-01 1.12304459326e-01
-6.94993765093e-01 -1.78218538873e-01
9.39030282199e-01 4.02457967401e-01
-3.89554477297e-01 4.48112316430e-01
5.06164716557e-01 8.71521368623e-01
1.06743136421e-01 3.83246703073e-01
-4.49098166078e-01 9.43260803819e-01
-7.25187247619e-01 -7.29553801008e-01
-5.54541117512e-01 2.84669740126e-01
8.03727017716e-01 -5.67659454420e-01
4.95127820410e-01 -4.08716086298e-01
2.02188014984e-01 -4.97704778798e-01
-8.19962000474e-01 -3.14126851968e-01
7.43759929202e-01 -4.60810501128e-01
1.66574213654e-01 -9.69770370983e-01
-7.43493651971e-02 -7.88489012048e-01
-3.93707053736e-01 4.82532205991e-01
-5.80924250185e-01 -1.36774363928e-01
5.30226109549e-01 -4.82925998978e-01
3.45528994687e-01 -4.99734271318e-01
-5.46657975763e-01 -7.02048779465e-01
7.68790093251e-01 -1.67215809226e-01
4.40187715925e-01 -3.78658053465e-01
2.35146477818e-01 8.40239266865e-01
1.32439510897e-01 6.77160006016e-02
-4.42084068432e-01 -1.75244141370e-01
-7.64396536164e-01 -9.00886375457e-01
-9.00463821366e-01 9.64433544315e-01
5.08762061596e-01 -8.62960054539e-01
2.07449033856e-01 -3.68633703329e-01
2.23382582888e-01 -1.27376925200e-01
-8.31154575571e-01 -5.34620525315e-01
3.72969937511e-01 9.38519220799e-01
8.90993293375e-01 8.99050915614e-01
-9.26782339811e-02 -6.18578716181e-01
6.02132529952e-01 -2.74529157206e-01
5.64700756222e-02 8.01627496257e-02
-2.98744619824e-01 -1.93640958518e-01
-8.46635769121e-01 5.40934875607e-01
-6.93378669210e-01 -8.64178704098e-01
8.94655489363e-01 1.11655362882e-01
4.05809069052e-01 -5.29049135745e-01
-4.13270111196e-01 -8.11873153783e-01
-7.55335219204e-01 7.12429499254e-01
3.32309181802e-01 -5.55952881463e-01
-1.63471684791e-01 2.37360322848e-01
-7.01306894422e-01 -4.46486486122e-01
-4.09103478305e-01 3.14112957567e-01
-9.96954632923e-01 5.37493899465e-02
5.51202636212e-01 1.96483862586e-01
2.36704072915e-01 -6.07193556614e-01
-7.20239759423e-01 -7.78211157769e-01
9.51270407066e-01 -1.98612232693e-01
4.85801302828e-01 -2.34043203294e-01
-8.25284402817e-02 -2.69134714268e-01
1.46868312731e-01 -6.60332234576e-01
-3.39826454408e-01 8.77036266029e-01
-8.71328907087e-01 7.77261217125e-01
7.42883073166e-01 1.84581416659e-01
3.11601267196e-01 7.53326354548e-01
8.14841398038e-01 7.45856896043e-01
-4.12997745909e-01 -1.84151549824e-01
4.72455293871e-01 -2.61869647540e-01
-8.87111398391e-01 9.17941109277e-01
-1.02658125572e-01 -8.08006051928e-01
-2.66014483757e-01 5.78689323738e-01
6.24209335074e-02 -7.20064728521e-01
-8.60169475898e-01 -1.30119770765e-01
-2.84661323763e-01 8.73940019868e-01
4.58793731406e-01 -1.56422997825e-01
8.49214222282e-01 -4.42284359597e-01
-8.31759177148e-01 5.89088842273e-01
-5.23396437056e-01 2.15343267657e-01
1.01018955000e-01 -7.17101412825e-01
9.23546420410e-01 -1.77521850914e-01
9.95645411313e-01 -3.08853148483e-01
-7.90979684331e-01 7.20499921590e-02
-4.96705335565e-01 -5.07669072598e-01
3.59768520109e-01 3.11209747568e-01
-4.64246961288e-01 -1.49180006236e-01
-2.32844000682e-01 5.64475107007e-01
3.40275478549e-01 -3.36259711534e-01
3.84215897880e-01 -7.17252736911e-01
-6.38925817795e-01 -4.60860091262e-01
-9.09055089578e-02 8.94703301601e-01
3.80316727795e-01 -5.03564582206e-01
-7.61280966923e-01 -1.15612540394e-01
-4.74585596472e-01 6.13149852492e-01
-9.59034036845e-01 -2.99601919949e-01
-7.90778740309e-01 2.21900204197e-01
7.74902404286e-01 8.84386499412e-01
8.40180669911e-01 4.73824850284e-01
-2.86594284698e-02 1.63850030862e-01
4.12409113720e-01 8.34917183965e-03
7.39576615393e-01 2.65604934655e-01
-2.08407212049e-02 -6.19652058929e-01
-4.41716334783e-01 6.46290127188e-01
2.43518932723e-01 9.02764351107e-01
2.63947104104e-01 -5.01622491516e-01
-4.41058534198e-01 8.09314908460e-01
3.24798999354e-01 -9.61959776469e-01
7.52435737289e-01 3.29408885911e-01
-9.19229017571e-01 3.91646676697e-01
-5.12447841465e-01 4.12918267772e-01
-2.43903644383e-01 -2.47355132364e-01
5.63392799348e-01 8.15848659724e-01
-8.52306073532e-01 6.92027542740e-01
-9.95788734406e-01 4.79700388387e-02
-3.83538891561e-01 -5.59231162071e-01
2.71335746162e-01 -2.16956478544e-01
8.38467899710e-01 4.44207843393e-02
-1.67339565232e-01 8.28540556133e-01
6.75952912308e-01 -8.39362148196e-01
4.15251010098e-01 6.63391792215e-01
9.04935087077e-01 -3.27527869493e-01
-2.28971689939e-02 -2.07179822959e-01
4.67688092031e-01 7.84234821796e-01
-7.62656750157e-01 8.77055755816e-01
-4.66175914742e-01 8.01890171133e-01
7.45120715350e-01 1.84284164570e-01
-9.72396419384e-01 -4.24926714040e-01
8.03724439815e-01 9.02969786897e-01
-6.25927976333e-01 6.17771136574e-01
-8.63823285326e-02 -2.92348629795e-01
4.25537714735e-01 3.63029959612e-01
6.93995122798e-01 -9.34886645526e-01
-9.27757983096e-01 1.11195703037e-01
-4.26515119150e-01 -2.01158284210e-01
8.10661111027e-02 1.49081752636e-01
4.61411166936e-01 -6.93142579868e-01
8.52707410231e-01 -8.38770809583e-01
4.52550194226e-01 -4.24786963500e-01
7.80706056394e-01 -2.51626223326e-02
-5.26972278021e-01 3.59637130052e-01
-1.98146226816e-01 -7.14518460445e-01
-1.45596344955e-01 -2.03988388181e-01
-6.69536096975e-02 -8.44054828398e-01
-8.37063172832e-01 -4.27207807079e-02
-2.64793994837e-01 -4.43431362510e-02
-2.91680339724e-01 8.98617767729e-01
2.53355994821e-01 1.77952449769e-01
-8.10374918394e-01 -2.49720925465e-01
-7.21878208220e-01 -6.33182022721e-02
7.34901611693e-01 -6.86107443646e-01
2.96595499851e-01 -7.23374645226e-01
8.88042798266e-01 -3.24951102957e-01
-7.51940526068e-01 -2.47551632114e-01
4.36699840240e-01 7.21121087670e-01
-7.72172098979e-01 9.33133396320e-01
-8.43199817464e-02 -6.17602366023e-01
1.52190656401e-01 -1.46558450535e-01
-9.13867661729e-01 5.86737363599e-01
-8.22323459201e-01 3.99417011067e-02
-7.29025308043e-01 -1.89770404249e-01
-4.09534474835e-01 -2.33603219502e-01
3.88058613986e-01 -8.68778945878e-01
7.03165432438e-01 -7.43137869053e-01
-5.47673883848e-01 -8.39392311871e-01
-9.38278981484e-01 5.43700801209e-02
4.14787581190e-01 5.18141726032e-01
7.23403802142e-01 9.83545770869e-01
-9.89398302510e-01 3.10316737741e-01
-3.86814871803e-01 -8.68726504035e-01
7.76780477725e-01 8.55716483667e-01
-5.82040577196e-01 4.34980957769e-01
-9.66981984675e-03 -6.98140658438e-01
-4.93536855094e-01 4.82251485810e-01
-7.92781040072e-02 -5.19216020592e-01
4.97452069074e-01 -9.13527022116e-01
5.05186929367e-01 9.59049311467e-01
4.49008446187e-01 -9.96945296414e-01
2.78338515200e-01 4.71192216501e-02
-8.67522362620e-01 -6.45339740440e-01
-5.50855456851e-01 -5.86313692853e-01
-2.20673542470e-01 -8.96275811829e-01
2.85215479322e-01 -6.87622908503e-01
-8.34004114382e-01 -8.32908716053e-01
-5.99520413205e-01 7.20801988617e-01
-4.68476269394e-01 -3.11039570719e-01
-8.55152558535e-01 1.28872119822e-01
-4.70844012685e-01 -6.25882262364e-01
-1.73649366014e-01 5.08686905727e-01
7.41860812530e-01 -9.08411339857e-01
-8.16431006417e-01 2.05380423926e-01
-4.64885908179e-01 9.32362025604e-01
-2.31476929039e-01 -9.80174392462e-01
4.25167609937e-01 1.01591885090e-01
9.90106854588e-01 1.52566324919e-01
-7.39920777269e-01 5.53741544485e-01
-9.01272179559e-01 6.50396190584e-01
-4.71260918304e-01 -6.06054505333e-02
2.89803520776e-01 -5.49993459135e-02
7.88814158179e-01 4.33523298241e-01
-4.27057780325e-01 4.87969433889e-01
6.61816733889e-01 -3.48680441268e-01
-8.92855172977e-01 -8.22924350388e-01
-4.28818657994e-01 6.23420214280e-01
-3.50031839684e-01 -7.40480863489e-01
1.42490969971e-01 8.11596851796e-01
2.79643446207e-01 5.19630398601e-01
5.21874580532e-01 1.62990825251e-01
-5.86813857779e-01 1.06457352638e-01
9.68565534800e-01 6.11187142320e-01
-9.33319884352e-01 -3.37658972479e-01
-3.41694765724e-01 9.75977037102e-01
2.35486102290e-01 1.43979485147e-01
-5.08889164776e-02 -3.19026455283e-01
9.23117184080e-01 5.81420486793e-01
-7.80674812384e-01 8.29473176040e-01
-2.82192689367e-01 2.38537553698e-01
6.03610002436e-01 -8.41261486523e-01
-2.63149864040e-01 3.58680980280e-01
-2.06703682430e-01 3.88535085134e-01
3.53880556300e-01 -6.89936895855e-01
6.94994758815e-02 -8.41847018339e-01
-3.91050327569e-01 3.13926531933e-01
-1.62628675811e-01 -3.85512123816e-01
6.72501475550e-01 -3.89343303628e-01
-8.47788366489e-01 8.66603239439e-01
-5.25092306547e-01 2.36506548710e-01
-7.93364540674e-01 -7.03772853129e-01
-4.96727174148e-01 -9.54340284690e-01
1.90116090700e-01 6.25520310365e-01
7.98559879884e-01 -7.72099900991e-01
