6.76687515341e-01 -3.23272402398e-01
-1.79290363565e-01 -8.65928167477e-02
5.37580560893e-01 -1.22035286389e-01
2.41092350334e-01 8.07589272037e-01
-1.18644687347e-01 7.85797311924e-01
-9.69579951838e-01 -6.09149510972e-01
7.92185593396e-01 7.31845594943e-01
8.09499591589e-01 1.20397980325e-01
7.05441225320e-01 -7.62740924023e-01
-1.60526453517e-01 -1.13813830540e-01
5.95154706389e-01 3.87947626412e-01
-2.23525692709e-01 -1.28046371043e-01
-4.60145487450e-01 -4.66178826988e-01
-8.43014709651e-01 7.67562189139e-01
6.15665413439e-01 -6.55004860833e-01
6.94971125573e-01 4.87549034879e-01
-6.03670235723e-01 -9.15047026239e-01
6.06961064041e-01 6.15363970399e-01
2.97873864882e-01 4.55044819042e-01
-9.65905297548e-01 -3.53449484333e-01
6.42754799686e-01 -9.98865739442e-01
7.56023172289e-02 4.52529408969e-01
-4.44537644275e-01 -3.77945019864e-01
-3.08944927529e-02 3.38495668955e-01
-9.08084303141e-01 2.93270450085e-01
-1.97555077262e-01 -2.93484723195e-01
-5.03918651491e-01 -6.82799031958e-01
-1.22574019246e-01 -7.01409569941e-01
-9.01911815628e-01 -8.24163259938e-01
9.59970895201e-01 3.34432348609e-03
3.78968117759e-01 2.23751019686e-01
3.21921911091e-01 3.79998306744e-01
-2.12727745064e-01 7.79378972948e-01
6.44024170004e-01 -1.82888306677e-01
-1.77746396512e-01 7.64854300767e-01
-4.34324050322e-01 -8.10165182687e-01
-8.97460515611e-01 -3.22716655210e-01
8.10945892707e-01 -1.32065555081e-02
4.48921289295e-01 -2.66240865923e-01
6.48005237803e-01 1.56089483760e-01
1.69764738530e-01 6.20294840075e-01
6.11182873137e-01 8.06997261941e-01
5.10090440512e-02 7.05141546205e-01
-3.45733184367e-01 -3.31105931662e-01
-8.31390457228e-01 -9.26571547054e-01
6.22623804957e-01 9.15211406536e-01
2.72185904905e-02 -8.01738517359e-01
9.72610905766e-01 2.35970847309e-01
5.16333053820e-01 9.98976427130e-01
2.87465896457e-01 -1.27976679243e-01
-5.28163649142e-02 1.10441098921e-01
3.29920029268e-01 -1.01005227305e-01
8.86362791061e-02 7.87971502170e-01
-4.47488701902e-01 -4.26686895080e-01
-5.33316224813e-01 -7.68928924575e-01
-6.30167249590e-01 1.21273543686e-01
-2.36591023393e-01 -4.32431045920e-02
-5.06317741238e-01 -5.96093888395e-01
-7.74376815185e-01 9.80428867042e-02
-9.57162829116e-01 -8.86408586055e-01
9.55964738503e-01 5.29828908853e-01
3.78553620540e-01 2.59218923748e-01
1.76714518107e-01 7.03524283133e-01
-3.14955286682e-01 7.89694148116e-01
6.26489497721e-01 -4.19150786474e-01
-1.34200870991e-01 8.09580325149e-01
-4.05548757873e-01 5.42298542336e-01
-5.75227912515e-01 8.95917308517e-01
8.16329332069e-01 3.88402021490e-01
2.79173947871e-01 -4.77445103228e-01
2.27401825599e-01 4.86532412469e-01
5.31732141972e-02 4.28064886481e-01
5.60056670569e-01 3.80173830315e-01
1.87504068948e-01 4.22883242369e-01
-4.19574947096e-01 8.05131728761e-01
7.95127376914e-01 3.47147580236e-01
6.63925700821e-01 -3.22828033008e-01
-1.81970381178e-01 -9.36706718057e-02
7.05674349330e-01 -2.59942216799e-02
-3.48630071618e-01 8.70979986154e-01
4.84828985296e-01 6.42050678842e-01
-1.23804083094e-01 3.87814410031e-01
-7.22663315944e-01 3.90396293253e-01
4.37808243558e-01 -4.31164745241e-02
-7.51547254622e-02 -4.67502007261e-01
-6.28432838246e-01 4.50777450576e-01
9.48695161380e-01 -2.88046205416e-01
-2.03088589944e-01 3.35190890357e-01
-2.98326492310e-01 -3.24423079379e-01
-5.68805134855e-01 -2.65384084545e-01
5.19850238226e-01 -6.94712128490e-01
6.17217543535e-01 8.20336194709e-01
4.01602732018e-02 7.02129873447e-01
-9.92187159136e-02 -8.24773635715e-01
-9.37288279645e-01 1.38910464942e-01
8.22659097612e-02 -4.01099819690e-01
-1.51061053388e-01 1.88285652548e-01
-2.94983007945e-01 3.59461937100e-01
-8.74309993349e-01 2.42043629289e-01
7.55368020386e-01 -8.02521460690e-01
4.59484774619e-01 -2.18908213079e-01
2.44493290782e-01 -6.52227423154e-01
-2.55105404183e-01 -9.31835109368e-01
7.96777927317e-01 2.48560572974e-01
1.44428765401e-01 7.16580254957e-01
-8.70127389207e-02 2.58703153580e-01
-8.75765106641e-01 9.07859057188e-02
7.17479608953e-01 2.63545663096e-01
-2.43957811967e-01 2.62987021357e-01
7.10107549094e-01 -2.03327085823e-01
2.24081666209e-01 -1.13442353904e-03
-8.25360773131e-01 -8.76199314371e-02
-8.52678921074e-02 -4.37913886271e-01
-6.30883956328e-01 5.24174516089e-01
7.62675774284e-01 -8.84375401773e-01
-3.06832324713e-02 -9.52649140731e-01
-7.35556483269e-01 -9.11328165792e-01
9.66537622735e-01 -5.44340456836e-01
-2.68626347184e-01 4.21160549857e-01
-5.55552745238e-01 -4.07405208796e-01
-9.08161602914e-01 -5.12056692503e-01
5.13211482204e-01 1.55831474811e-01
3.01366033964e-01 1.33224284276e-01
1.06077710167e-01 2.35618933104e-01
-1.23449849896e-01 -3.82950345986e-01
-9.05381199904e-01 3.71481645852e-01
-2.28520817123e-01 -6.43955375068e-01
-4.33833030052e-01 5.26572600938e-01
-3.08472408913e-01 -4.22947760671e-03
-8.64917445928e-01 -8.29526211135e-01
9.09414113499e-01 -9.67146622017e-01
6.72060646117e-01 -7.67900140025e-01
1.54272019863e-02 -1.06625439599e-01
-2.72733332589e-01 6.22003534809e-01
3.90936176293e-01 -9.78250419721e-02
1.44558019005e-01 9.56710352562e-01
-1.84201644734e-01 8.41448545456e-01
-7.28098341264e-01 5.71563428268e-01
-7.71800309420e-01 8.63855101168e-01
-1.47928272374e-01 -9.13332553580e-01
6.10994962975e-01 -4.39807360061e-01
7.63857364655e-03 -8.97771403193e-01
-9.76042542607e-02 9.87666333094e-02
9.16019125842e-01 8.51737832651e-01
-6.99775138870e-01 2.42586728185e-01
9.93810120039e-01 6.78859583102e-01
3.37711512111e-01 2.42290913127e-01
-7.33117328025e-01 -7.95131276362e-01
8.71108185500e-01 9.91866865195e-01
-4.84905404970e-01 3.51615712978e-01
-8.49136061035e-01 -3.92082836479e-02
-7.53299178556e-01 -8.93231885508e-01
5.57631872594e-01 -6.83652053587e-01
4.78557021357e-01 4.53420666978e-01
-4.30662488565e-01 -2.48491115868e-01
-6.33906852454e-02 4.64597447775e-01
-5.23991046473e-01 9.08830411732e-01
-1.71469588764e-01 7.31287486851e-02
-7.48800675385e-01 -3.46699710935e-01
-6.30344131030e-01 4.09366820939e-01
-8.40054113418e-01 -3.70933954604e-01
5.27421243489e-01 -9.20164287090e-02
2.00669412501e-01 -9.31490353309e-01
7.95139344409e-02 -9.34765088372e-01
-3.91569364816e-01 -6.31261104718e-01
4.67728430405e-01 5.71907239035e-01
-1.16537209600e-01 -1.44854572602e-01
-1.11765683629e-01 1.19433489628e-01
-7.07092309371e-01 -7.44590008631e-01
-7.51059920527e-01 4.55207607709e-01
6.32985077798e-01 -6.16123028100e-01
-4.08477400430e-01 2.84787593409e-01
-8.90869718045e-01 -7.33700426295e-01
6.14225738682e-01 2.58515262976e-01
1.84776661918e-02 7.06357565708e-01
-8.72918898240e-01 7.48226837255e-01
8.30719613470e-01 1.12304459326e-01
-6.94993765093e-01 -1.78218538873e-01
9.39030282199e-01 4.02457967401e-01
-3.89554477297e-01 4.48112316430e-01
5.06164716557e-01 8.71521368623e-01
1.06743136421e-01 3.83246703073e-01
-4.49098166078e-01 9.43260803819e-01
-7.25187247619e-01 -7.29553801008e-01
-5.54541117512e-01 2.84669740126e-01
8.03727017716e-01 -5.67659454420e-01
4.95127820410e-01 -4.08716086298e-01
2.02188014984e-01 -4.97704778798e-01
-8.19962000474e-01 -3.14126851968e-01
7.43759929202e-01 -4.60810501128e-01
1.66574213654e-01 -9.69770370983e-01
-7.43493651971e-02 -7.88489012048e-01
-3.93707053736e-01 4.82532205991e-01
-5.80924250185e-01 -1.36774363928e-01
5.30226109549e-01 -4.82925998978e-01
3.45528994687e-01 -4.99734271318e-01
-5.46657975763e-01 -7.02048779465e-01
7.68790093251e-01 -1.67215809226e-01
4.40187715925e-01 -3.78658053465e-01
2.35146477818e-01 8.40239266865e-01
1.32439510897e-01 6.77160006016e-02
-4.42084068432e-01 -1.75244141370e-01
-7.64396536164e-01 -9.00886375457e-01
-9.00463821366e-01 9.64433544315e-01
5.08762061596e-01 -8.62960054539e-01
2.07449033856e-01 -3.68633703329e-01
2.23382582888e-01 -1.27376925200e-01
-8.31154575571e-01 -5.34620525315e-01
3.72969937511e-01 9.38519220799e-01
8.90993293375e-01 8.99050915614e-01
-9.26782339811e-02 -6.18578716181e-01
6.02132529952e-01 -2.74529157206e-01
5.64700756222e-02 8.01627496257e-02
-2.98744619824e-01 -1.93640958518e-01
-8.46635769121e-01 5.40934875607e-01
-6.93378669210e-01 -8.64178704098e-01
8.94655489363e-01 1.11655362882e-01
4.05809069052e-01 -5.29049135745e-01
-4.13270111196e-01 -8.11873153783e-01
-7.55335219204e-01 7.12429499254e-01
3.32309181802e-01 -5.55952881463e-01
-1.63471684791e-01 2.37360322848e-01
-7.01306894422e-01 -4.46486486122e-01
-4.09103478305e-01 3.14112957567e-01
-9.96954632923e-01 5.37493899465e-02
5.51202636212e-01 1.96483862586e-01
2.36704072915e-01 -6.07193556614e-01
-7.20239759423e-01 -7.78211157769e-01
9.51270407066e-01 -1.98612232693e-01
4.85801302828e-01 -2.34043203294e-01
-8.25284402817e-02 -2.69134714268e-01
1.46868312731e-01 -6.60332234576e-01
-3.39826454408e-01 8.77036266029e-01
-8.71328907087e-01 7.77261217125e-01
7.42883073166e-01 1.84581416659e-01
3.11601267196e-01 7.53326354548e-01
8.14841398038e-01 7.45856896043e-01
-4.12997745909e-01 -1.84151549824e-01
4.72455293871e-01 -2.61869647540e-01
-8.87111398391e-01 9.17941109277e-01
-1.02658125572e-01 -8.08006051928e-01
-2.66014483757e-01 5.78689323738e-01
6.24209335074e-02 -7.20064728521e-01
-8.60169475898e-01 -1.30119770765e-01
-2.84661323763e-01 8.73940019868e-01
4.58793731406e-01 -1.56422997825e-01
8.49214222282e-01 -4.42284359597e-01
-8.31759177148e-01 5.89088842273e-01
-5.23396437056e-01 2.15343267657e-01
1.01018955000e-01 -7.17101412825e-01
9.23546420410e-01 -1.77521850914e-01
9.95645411313e-01 -3.08853148483e-01
-7.90979684331e-01 7.20499921590e-02
-4.96705335565e-01 -5.07669072598e-01
3.59768520109e-01 3.11209747568e-01
-4.64246961288e-01 -1.49180006236e-01
-2.32844000682e-01 5.64475107007e-01
3.40275478549e-01 -3.36259711534e-01
3.84215897880e-01 -7.17252736911e-01
-6.38925817795e-01 -4.60860091262e-01
-9.09055089578e-02 8.94703301601e-01
3.80316727795e-01 -5.03564582206e-01
-7.61280966923e-01 -1.15612540394e-01
-4.74585596472e-01 6.13149852492e-01
-9.59034036845e-01 -2.99601919949e-01
-7.90778740309e-01 2.21900204197e-01
7.74902404286e-01 8.84386499412e-01
8.40180669911e-01 4.73824850284e-01
-2.86594284698e-02 1.63850030862e-01
4.12409113720e-01 8.34917183965e-03
7.39576615393e-01 2.65604934655e-01
-2.08407212049e-02 -6.19652058929e-01
-4.41716334783e-01 6.46290127188e-01
2.43518932723e-01 9.02764351107e-01
2.63947104104e-01 -5.01622491516e-01
-4.41058534198e-01 8.09314908460e-01
3.24798999354e-01 -9.61959776469e-01
7.52435737289e-01 3.29408885911e-01
-9.19229017571e-01 3.91646676697e-01
-5.12447841465e-01 4.12918267772e-01
-2.43903644383e-01 -2.47355132364e-01
5.63392799348e-01 8.15848659724e-01
-8.52306073532e-01 6.92027542740e-01
-9.95788734406e-01 4.79700388387e-02
-3.83538891561e-01 -5.59231162071e-01
2.71335746162e-01 -2.16956478544e-01
8.38467899710e-01 4.44207843393e-02
-1.67339565232e-01 8.28540556133e-01
6.75952912308e-01 -8.39362148196e-01
4.15251010098e-01 6.63391792215e-01
9.04935087077e-01 -3.27527869493e-01
-2.28971689939e-02 -2.07179822959e-01
4.67688092031e-01 7.84234821796e-01
-7.62656750157e-01 8.77055755816e-01
-4.66175914742e-01 8.01890171133e-01
7.45120715350e-01 1.84284164570e-01
-9.72396419384e-01 -4.24926714040e-01
8.03724439815e-01 9.02969786897e-01
-6.25927976333e-01 6.17771136574e-01
-8.63823285326e-02 -2.92348629795e-01
4.25537714735e-01 3.63029959612e-01
6.93995122798e-01 -9.34886645526e-01
-9.27757983096e-01 1.11195703037e-01
-4.26515119150e-01 -2.01158284210e-01
8.10661111027e-02 1.49081752636e-01
4.61411166936e-01 -6.93142579868e-01
8.52707410231e-01 -8.38770809583e-01
4.52550194226e-01 -4.24786963500e-01
7.80706056394e-01 -2.51626223326e-02
-5.26972278021e-01 3.59637130052e-01
-1.98146226816e-01 -7.14518460445e-01
-1.45596344955e-01 -2.03988388181e-01
-6.69536096975e-02 -8.44054828398e-01
-8.37063172832e-01 -4.27207807079e-02
-2.64793994837e-01 -4.43431362510e-02
-2.91680339724e-01 8.98617767729e-01
2.53355994821e-01 1.77952449769e-01
-8.10374918394e-01 -2.49720925465e-01
-7.21878208220e-01 -6.33182022721e-02
7.34901611693e-01 -6.86107443646e-01
2.96595499851e-01 -7.23374645226e-01
8.88042798266e-01 -3.24951102957e-01
-7.51940526068e-01 -2.47551632114e-01
4.36699840240e-01 7.21121087670e-01
-7.72172098979e-01 9.33133396320e-01
-8.43199817464e-02 -6.17602366023e-01
1.52190656401e-01 -1.46558450535e-01
-9.13867661729e-01 5.86737363599e-01
-8.22323459201e-01 3.99417011067e-02
-7.29025308043e-01 -1.89770404249e-01
-4.09534474835e-01 -2.33603219502e-01
3.88058613986e-01 -8.68778945878e-01
7.03165432438e-01 -7.43137869053e-01
-5.47673883848e-01 -8.39392311871e-01
-9.38278981484e-01 5.43700801209e-02
4.14787581190e-01 5.18141726032e-01
7.23403802142e-01 9.83545770869e-01
-9.89398302510e-01 3.10316737741e-01
-3.86814871803e-01 -8.68726504035e-01
7.76780477725e-01 8.55716483667e-01
-5.82040577196e-01 4.34980957769e-01
-9.66981984675e-03 -6.98140658438e-01
-4.93536855094e-01 4.82251485810e-01
-7.92781040072e-02 -5.19216020592e-01
4.97452069074e-01 -9.13527022116e-01
5.05186929367e-01 9.59049311467e-01
4.49008446187e-01 -9.96945296414e-01
2.78338515200e-01 4.71192216501e-02
-8.67522362620e-01 -6.45339740440e-01
-5.50855456851e-01 -5.86313692853e-01
-2.20673542470e-01 -8.96275811829e-01
2.85215479322e-01 -6.87622908503e-01
-8.34004114382e-01 -8.32908716053e-01
-5.99520413205e-01 7.20801988617e-01
-4.68476269394e-01 -3.11039570719e-01
-8.55152558535e-01 1.28872119822e-01
-4.70844012685e-01 -6.25882262364e-01
-1.73649366014e-01 5.08686905727e-01
7.41860812530e-01 -9.08411339857e-01
-8.16431006417e-01 2.05380423926e-01
-4.64885908179e-01 9.32362025604e-01
-2.31476929039e-01 -9.80174392462e-01
4.25167609937e-01 1.01591885090e-01
9.90106854588e-01 1.52566324919e-01
-7.39920777269e-01 5.53741544485e-01
-9.01272179559e-01 6.50396190584e-01
-4.71260918304e-01 -6.06054505333e-02
2.89803520776e-01 -5.49993459135e-02
7.88814158179e-01 4.33523298241e-01
-4.27057780325e-01 4.87969433889e-01
6.61816733889e-01 -3.48680441268e-01
-8.92855172977e-01 -8.22924350388e-01
-4.28818657994e-01 6.23420214280e-01
-3.50031839684e-01 -7.40480863489e-01
1.42490969971e-01 8.11596851796e-01
2.79643446207e-01 5.19630398601e-01
5.21874580532e-01 1.62990825251e-01
-5.86813857779e-01 1.06457352638e-01
9.68565534800e-01 6.11187142320e-01
-9.33319884352e-01 -3.37658972479e-01
-3.41694765724e-01 9.75977037102e-01
2.35486102290e-01 1.43979485147e-01
-5.08889164776e-02 -3.19026455283e-01
9.23117184080e-01 5.81420486793e-01
-7.80674812384e-01 8.29473176040e-01
-2.82192689367e-01 2.38537553698e-01
6.03610002436e-01 -8.41261486523e-01
-2.63149864040e-01 3.58680980280e-01
-2.06703682430e-01 3.88535085134e-01
3.53880556300e-01 -6.89936895855e-01
6.94994758815e-02 -8.41847018339e-01
-3.91050327569e-01 3.13926531933e-01
-1.62628675811e-01 -3.85512123816e-01
6.72501475550e-01 -3.89343303628e-01
-8.47788366489e-01 8.66603239439e-01
-5.25092306547e-01 2.36506548710e-01
-7.93364540674e-01 -7.03772853129e-01
-4.96727174148e-01 -9.54340284690e-01
1.90116090700e-01 6.25520310365e-01
7.98559879884e-01 -7.72099900991e-01
-4.33387941681e-01 4.55412357114e-01
4.79708403349e-01 -1.13244623877e-01
8.86994820088e-01 8.75243980438e-01
-4.23890382983e-01 -7.54512973130e-01
-3.57319177128e-01 4.79921460152e-01
3.40621108189e-02 -3.05719287135e-01
4.72084159032e-01 1.43820708618e-01
6.16042561829e-01 8.29366757534e-01
-6.18501596153e-01 -9.23944460228e-01
2.07309811376e-01 5.77794326469e-01
-9.89312590100e-01 -1.91621048376e-01
-3.31280465238e-01 8.78752517514e-01
2.11281004362e-01 -5.78931113705e-01
-1.45893314853e-01 -2.59905308485e-03
2.90189182386e-01 -4.40692820586e-01
-8.74486829154e-01 9.27889714018e-01
-4.87676349469e-01 7.36884038895e-01
3.74607378617e-01 -2.21373489127e-01
-8.89341521077e-01 -3.11299458146e-01
-2.07719321363e-01 8.24109413661e-01
3.14612906426e-01 -8.42546956614e-01
4.37353277579e-01 2.05321722664e-01
5.82697322592e-01 -8.43979998492e-01
-1.72752108425e-01 2.59321315214e-01
7.38302247599e-01 -6.09400548041e-01
-7.17293355614e-01 -9.67204102315e-01
-1.40638888814e-01 -2.73911878467e-02
-8.05921229534e-01 8.92412252724e-01
-4.45821570233e-01 5.92461423948e-02
1.83153383434e-01 -4.03632086702e-01
7.27337895893e-01 -2.83194985241e-02
-2.15814672410e-02 4.23561148345e-01
3.10506584123e-01 5.29455188662e-01
5.08338790387e-01 -8.02315524779e-01
-6.02672880515e-01 -5.44994305819e-01
-3.31518122926e-01 -9.65088168159e-02
2.19672067091e-01 -4.69348005019e-01
4.99881735072e-01 -6.97025781497e-01
8.30823264085e-01 -1.79530693218e-01
-7.10735916160e-01 9.56321204081e-01
3.31734661013e-02 -4.04780503362e-01
6.16129817441e-01 -3.37499442510e-01
-4.70101008192e-01 7.11743719876e-01
1.45844209008e-01 -8.88265783899e-01
-1.76665866747e-02 -1.91887130029e-01
2.97777889296e-01 -7.91528278962e-01
9.01148929261e-01 7.46009014547e-01
-3.88564129360e-01 4.61898606271e-01
6.68687229976e-01 -7.98781142570e-01
-8.47685893066e-01 5.28145666234e-01
-6.60914432257e-01 5.03778599203e-01
3.05634231307e-01 7.34954788350e-01
1.03119142354e-01 4.48551856913e-01
5.89310421608e-01 2.69448982552e-01
-9.96005376801e-01 -5.55895362049e-01
5.36807992496e-01 1.61180844530e-01
-7.28110951371e-01 -4.64863443747e-01
-1.83553788811e-01 -7.33502670191e-01
3.84455163963e-01 5.74277256615e-01
-5.58369557373e-01 -2.64533634298e-01
-4.51502439566e-01 1.32661440410e-01
1.07969112694e-01 -2.15259475634e-01
8.36412448436e-01 1.55029388145e-01
4.91082153283e-01 -5.93173847534e-01
5.25715492666e-01 1.35187656619e-01
-8.18162583746e-01 4.73978309892e-01
8.95787092857e-01 5.17113843001e-01
1.85814434662e-01 -2.75342232548e-01
4.39204299822e-01 3.99812602438e-01
7.77497926727e-01 -8.60325031914e-01
-8.79294835031e-02 -5.95042337663e-01
4.36689043418e-02 -4.18177923188e-01
6.11468262039e-01 -1.50852771476e-01
-8.47997138277e-01 1.03229400702e-01
-4.55005379394e-01 -1.86710842885e-01
-1.02687855251e-01 4.19988154434e-01
2.82305501401e-01 -5.07710553706e-01
5.76833778992e-01 -1.65448497050e-01
-5.96643966623e-01 4.56414229237e-01
6.85709185898e-01 9.15192184970e-01
-8.54790473357e-01 -9.64721558616e-01
-7.22398594022e-01 -7.27438935079e-01
-1.85085177422e-01 2.27731773630e-01
1.07603710145e-01 -8.93546856940e-01
5.87205742486e-01 -3.47970888950e-01
-8.12238309532e-01 4.61101019755e-01
-4.47253544815e-01 -6.52884131297e-01
-7.32186867855e-01 1.45659818314e-01
-1.84926212765e-01 -6.48808815517e-01
4.91876905784e-01 -3.91740272753e-01
7.93923705816e-01 4.32856297120e-02
-4.64249313809e-01 -1.15621907637e-01
2.14149123058e-02 3.12565745786e-01
-8.44673767686e-01 2.93492966332e-01
-2.98127152026e-01 -3.38354061358e-01
3.27739569359e-01 3.95165141672e-02
-8.35383277386e-01 3.79958266392e-01
9.56553485245e-01 -8.22506469674e-01
-7.47228330001e-01 3.89388421550e-01
3.77738015726e-01 3.88193896040e-01
9.54621248879e-01 1.11899325624e-01
-4.56277724355e-01 -2.28132246993e-01
1.13754983991e-01 -1.82391603477e-01
8.81979271770e-01 -4.81345778331e-01
-9.42689792253e-01 -9.22636457719e-01
-4.49606458656e-01 3.26157561503e-01
-6.84062265791e-01 -2.63164057396e-01
7.06863607280e-01 -1.90226620995e-01
8.50002779625e-01 7.05167857930e-01
-6.31655542180e-01 -1.86299870722e-01
3.84711261839e-01 4.45519939065e-01
-6.37780871242e-01 -7.42250300944e-01
-8.06135293096e-02 9.15760327131e-01
3.85236012749e-01 4.38748756424e-01
2.12564018555e-01 4.59230674431e-01
-6.22584692203e-01 1.23383855447e-01
-2.51005591825e-01 6.37419885956e-01
2.08100714721e-01 2.80391383916e-01
7.50214613974e-01 5.70188387297e-01
-3.66050869226e-01 -3.69543699548e-01
-2.56299590692e-02 6.19162596762e-01
2.85066397861e-01 6.74985432997e-01
4.07285708934e-03 -3.11491224915e-01
3.09238210320e-03 -5.47079090029e-02
8.72379075736e-01 -5.56540663354e-01
-3.41563758440e-01 -9.55481339246e-01
-9.37923975289e-02 -4.90402706899e-01
-9.53253739513e-01 -8.68195425719e-02
7.73926963098e-01 7.35961185768e-01
-6.78687911481e-01 -7.47324527241e-01
-6.99978005141e-02 -2.25188808516e-01
9.79773918167e-01 4.90789647214e-01
-4.38834567554e-01 -8.65008551627e-02
7.54309846088e-02 -1.81965892203e-01
6.46786211990e-01 5.11144733988e-01
-7.74749331176e-01 -3.36428638548e-01
-4.89332546480e-01 -7.65872770920e-01
-6.82971591130e-01 -8.96913864650e-01
1.45854094997e-01 -9.40064512193e-01
7.98186260276e-01 -4.37635096721e-01
-6.57991727814e-01 3.97658186033e-01
4.82778777368e-01 -9.25798469223e-01
8.08812499046e-01 -4.07218986191e-01
-4.11388217472e-01 5.45168897137e-01
4.02539772913e-01 -6.06377423741e-01
3.51106030867e-02 8.11713139527e-01
6.11963701434e-01 -9.23251373693e-01
-3.45193767920e-01 -6.99852474965e-01
1.90194156952e-01 -6.46753697656e-01
8.64416250959e-01 -5.90098100714e-01
-3.36692459881e-01 -7.08688865416e-01
-3.07510253042e-02 3.81007281132e-01
4.38281380571e-01 3.68191086687e-01
1.14391131327e-01 5.75753504410e-01
8.81248840131e-01 1.28216797486e-01
-9.96289771982e-01 5.12054556981e-01
-3.34242735989e-01 -4.20338692144e-01
-1.19465020485e-01 -8.07115884498e-01
2.51979345456e-01 6.37537614442e-01
9.88969199359e-01 -4.41385031678e-01
-6.28002962098e-01 6.82718003169e-01
-8.42145076022e-02 6.18698132224e-01
4.55044598319e-01 5.93370329589e-01
8.39517337270e-01 2.81024760567e-01
7.67325330526e-03 5.68372633308e-01
6.66509219445e-01 -1.64891630411e-02
-8.70394996367e-01 -3.63369908184e-01
-4.15440900251e-01 -1.03736883029e-02
-2.71452296525e-01 -6.09706810676e-01
5.56675391272e-02 9.29756909609e-02
2.61941884644e-01 2.91714832187e-01
-7.34075282700e-01 -6.39849860221e-01
4.06745783985e-01 8.35111135617e-01
9.30649315938e-01 -9.07081012614e-01
-8.03921515122e-01 -1.35080249049e-01
3.11136076227e-01 2.02998538502e-01
6.48168781772e-02 -8.66365075111e-01
5.88794562034e-01 -2.72742480971e-01
-7.72586253472e-01 6.82710004970e-01
2.42264335975e-01 1.20865543373e-01
7.92095311917e-01 -1.83378596790e-01
-7.49010323547e-01 8.99922275916e-01
-3.88676124625e-01 -5.88751429692e-01
3.19071292877e-01 5.63500121236e-01
4.25438975915e-01 4.52356180176e-02
9.70779795200e-01 9.53438115306e-01
-9.43383208476e-01 -6.37382449582e-01
-6.80654347874e-01 -6.63680455647e-01
1.41041791067e-01 9.08499048091e-01
7.17033380643e-01 -5.77045360580e-01
2.58127390407e-01 2.25617642514e-01
-6.05979885906e-01 -9.32833990082e-01
-3.00708170049e-01 2.18447996303e-02
3.55522586033e-02 7.61563844979e-01
7.71935516037e-01 8.94657710567e-01
-7.14248698205e-03 7.21442339942e-01
3.59049813822e-01 -4.51618229039e-01
8.60125732608e-01 6.36649419554e-01
9.21576284803e-01 -9.72673070617e-01
-3.39277131483e-01 -5.75794189237e-01
1.95588000119e-01 2.05074945465e-01
2.56071096286e-01 -5.90275698341e-01
-8.28714147210e-01 9.08585580997e-01
3.63298474811e-01 -7.72929424420e-01
9.11446099170e-01 -7.01668274589e-01
-8.10170964338e-01 6.38420973904e-01
-4.84356006607e-01 3.54654639959e-02
5.55286537856e-02 -4.89428961650e-01
5.70934413001e-01 8.22360807098e-01
-8.49939175881e-01 9.09011347219e-01
-4.62068167515e-01 -9.08828631975e-01
6.37629725970e-01 -5.05973203108e-01
-7.31449075975e-01 2.19211136922e-01
-4.35079971328e-01 8.79210130312e-01
3.94984562881e-01 -1.19027132168e-02
1.21298439801e-01 -2.35600830056e-01
9.75380852818e-01 3.04297307506e-01
-7.95343507081e-01 8.60378745012e-01
-4.31038231589e-01 -2.65686563216e-01
-8.00029654056e-03 -2.68530858681e-01
7.48771647923e-01 6.99015483260e-01
2.92956298217e-01 3.74898009934e-01
8.28800694086e-01 -3.18711400963e-01
-4.89258561283e-01 -8.92111463472e-02
3.50643638521e-02 -9.54784522764e-01
7.78248864226e-01 -6.34662453085e-01
-3.69214087725e-01 -5.47792768106e-01
2.74538283236e-01 7.63663901947e-01
8.50917753763e-01 -3.75325537287e-01
5.84275071509e-01 9.30102271028e-01
-5.55461718701e-01 -8.50707571022e-01
9.06231319532e-02 8.01493291743e-01
6.67513091117e-01 -2.43552824482e-01
-7.50516725704e-01 -2.99962116405e-01
-5.28588341549e-02 -1.44627065398e-01
9.28510951810e-01 4.89665310830e-01
-5.16567170620e-01 4.77664644830e-01
-2.47698832303e-01 4.26663680933e-01
-4.94288005866e-01 -5.32076945528e-02
6.91231457517e-01 -2.33187261969e-01
9.61789690889e-01 -7.63715458103e-01
-6.47820823826e-01 -6.76187929697e-01
1.00917900912e-01 -4.90447814576e-01
-9.60553764366e-01 -3.47252873704e-01
-3.79588175565e-01 2.69726538099e-01
4.10572788678e-01 3.01113393158e-01
1.87460076995e-01 -9.32914362289e-01
8.49092002958e-01 1.18154057302e-01
-9.17910132557e-01 -9.01577390730e-01
-1.21610222384e-01 -4.78318995796e-01
7.20077457838e-01 5.76605152339e-01
2.78341262601e-01 8.03392348811e-01
4.67268592678e-01 8.50537614897e-01
7.58145537227e-01 6.88520677388e-01
-8.82643230259e-01 6.61404859275e-02
2.12203687988e-01 4.97389919125e-01
-8.49221674725e-01 -7.59388846345e-01
-3.04573897272e-01 9.56580187194e-01
-1.92990012467e-01 -7.14000840671e-01
8.80735317245e-01 -7.17231620103e-01
5.67239855416e-01 9.89242232405e-01
-5.73786193505e-01 7.27300074883e-01
-2.75297817774e-01 -1.60700541921e-01
7.47118900530e-01 -2.80924065970e-01
-8.27176508494e-01 8.43455602415e-01
-5.49760181457e-02 -9.83225132339e-01
3.51616567001e-01 -3.95976042375e-01
-9.62378778495e-01 9.53078668565e-01
-4.79999808595e-02 5.36933059804e-01
-4.69341457821e-01 -4.51720132492e-01
4.21160249040e-01 5.13392908499e-01
8.70428672060e-01 3.81871555932e-01
-7.02988335863e-01 -1.46034196019e-01
6.36404743418e-02 5.24554383010e-01
8.91961122863e-01 2.59595745243e-01
-6.78773186170e-01 8.80896233022e-01
1.16198590957e-01 7.63126769103e-01
1.30844099447e-01 -3.43226161785e-01
7.07554602996e-01 9.09957341850e-01
-6.12667500041e-01 -1.27944312990e-02
-6.95389658213e-02 -8.99031304754e-01
7.30170829222e-01 -6.85654109344e-01
-9.68735167757e-01 -2.58680893108e-01
-8.65100475028e-01 -6.33953779936e-01
-2.77674927376e-01 -8.47597167827e-01
-1.84530345723e-01 3.50974488072e-01
6.76720319316e-01 -2.20885592513e-01
1.17647915147e-01 5.95661086030e-01
5.82437247969e-01 2.69780404866e-01
-7.27167554200e-01 3.74735632911e-01
-1.64022165351e-01 9.31141712703e-01
-3.00469233654e-01 8.43577966094e-01
5.54913640022e-01 -5.74378580786e-01
-3.07455427945e-01 6.54091071337e-02
5.45281060040e-02 -6.36588390917e-02
-4.15662471205e-02 -8.22204796597e-01
-1.27934172750e-01 -8.90799971297e-01
3.09580406174e-01 5.34412973560e-01
-8.59235071577e-01 6.34574085474e-01
-9.05661459081e-01 3.71439661831e-01
4.26046638750e-01 -4.43772000261e-01
5.73389485478e-01 -9.63285225444e-01
-5.99769864231e-01 -2.43019448593e-01
-3.30807510763e-01 -8.95434059203e-02
-2.52216596156e-01 -5.52382142283e-01
1.72984074801e-01 5.91565631330e-01
6.94356513210e-01 3.83189665154e-02
4.30610249750e-01 -4.15287993848e-01
-5.52759159356e-01 8.03247394972e-01
4.41023710184e-01 -6.63922020234e-01
7.69487535581e-01 7.69943511114e-02
7.11598673835e-01 6.67528421618e-01
5.11450041085e-01 4.71542320214e-01
-9.55354261212e-01 -6.09256820753e-02
-4.27720169537e-01 -9.03053556569e-01
-3.08824807405e-01 2.41147055291e-01
-1.45877061412e-01 1.48704778403e-02
3.14262552187e-01 6.26195864752e-01
6.98932209983e-01 -3.21154414676e-01
8.87226447463e-01 7.58364406414e-01
-6.95419735275e-01 6.70908855274e-01
-1.53736525215e-01 -4.84475144185e-01
-8.54934926145e-01 6.31899284199e-01
6.03178871796e-01 -3.76145976596e-01
-2.63023606502e-01 6.71705685556e-01
4.61381012574e-02 6.62349644117e-01
2.08140574396e-02 5.41817388497e-01
-8.41533578932e-03 6.95402831770e-01
3.43479726464e-01 9.01441549882e-01
-8.66418322548e-01 1.91400327720e-01
-2.56875267252e-01 -4.17340441607e-01
3.76729890704e-01 2.13456140831e-01
9.57730814815e-01 9.05303911306e-01
-9.21469923109e-01 -9.25876055844e-01
-2.44583953172e-02 5.24313854985e-01
-6.36534621008e-01 -5.32821228728e-01
1.52022224851e-01 -6.02557540871e-01
6.00247282535e-01 -8.00288440660e-01
-6.14099637605e-01 -8.22148850188e-01
-5.35668534227e-01 3.99461503141e-01
-1.43510964699e-01 2.35187303275e-01
7.91071886197e-01 7.04237481579e-01
-6.28325119615e-01 5.93821715564e-01
7.24785836414e-01 7.33878660947e-01
-7.96686071903e-01 -3.21554674767e-01
-9.64227002114e-02 -2.85226181149e-01
4.90674780682e-01 -1.19703708217e-01
5.00997405499e-01 2.97393039800e-01
-8.75187405385e-01 -1.34770357050e-01
-7.87593955174e-02 1.89195615239e-01
-4.96834037825e-01 -4.08222722821e-01
1.21459272690e-01 -7.94698731042e-01
-5.85333960131e-01 7.49909720384e-01
-1.19259640574e-01 2.39420869388e-01
-3.78065794706e-01 -1.77171647549e-01
6.34590425529e-01 5.11317290366e-01
7.44965298101e-01 6.91735196859e-01
-7.90056939237e-01 8.34537867457e-01
-9.63893884793e-01 -4.18190567754e-01
-2.54092533141e-01 6.17218987085e-01
5.42271266691e-01 4.70230523497e-02
-9.74590683356e-01 -4.21791359782e-01
-8.64606485702e-01 4.89745037630e-02
-2.82656397671e-01 -2.35740712844e-01
-1.85085359961e-01 -6.97545977309e-02
6.42043043859e-01 -1.76489249803e-01
1.18748448789e-01 6.83371226303e-01
8.75463410281e-01 -4.30386583321e-01
-4.62373523042e-02 6.90264348872e-01
3.49315707572e-01 -3.84173849598e-02
5.12533351779e-01 -1.47258378565e-02
-9.14919267409e-01 5.05585419945e-01
-8.70988233015e-01 -8.83089572191e-01
-4.59604398347e-01 8.25895240530e-01
-4.28088651970e-02 2.76892412454e-01
2.77211991139e-01 -4.02654385194e-01
-3.29930442385e-01 -5.85508381948e-01
2.43238157593e-01 -3.10535901226e-01
8.59064950608e-01 4.28853585385e-01
-9.04047437012e-01 5.66862644628e-02
-4.09121756442e-01 6.31625097245e-01
4.47473124601e-01 -7.43510721251e-01
4.19909013435e-01 5.92124683782e-01
-9.31544399820e-01 -6.59705456346e-01
-7.48325120658e-02 -9.74456972443e-01
3.09542269446e-01 8.93268977292e-01
3.94824692048e-01 -2.41587349214e-01
7.27799832821e-01 -2.59377527982e-03
-7.86757523194e-01 4.30993919261e-01
-3.90077112243e-01 9.56051217392e-01
-4.59493162110e-01 1.75835147500e-01
6.88461839221e-01 -8.01791454665e-01
-9.49413564987e-01 8.21511638351e-01
-9.15349107236e-02 2.75068059564e-01
-4.67653077096e-01 6.46604750305e-01
-2.21865624189e-01 8.46021390520e-01
6.59198413603e-01 -2.54038519226e-01
-8.13018868677e-01 7.06200938672e-01
8.63258032128e-01 6.26920400187e-01
-1.79474403150e-01 8.17663539201e-02
