6.76687515341e-01 -3.23272402398e-01
-1.79290363565e-01 -8.65928167477e-02
5.37580560893e-01 -1.22035286389e-01
2.41092350334e-01 8.07589272037e-01
-1.18644687347e-01 7.85797311924e-01
-9.69579951838e-01 -6.09149510972e-01
7.92185593396e-01 7.31845594943e-01
8.09499591589e-01 1.20397980325e-01
7.05441225320e-01 -7.62740924023e-01
-1.60526453517e-01 -1.13813830540e-01
5.95154706389e-01 3.87947626412e-01
-2.23525692709e-01 -1.28046371043e-01
-4.60145487450e-01 -4.66178826988e-01
-8.43014709651e-01 7.67562189139e-01
6.15665413439e-01 -6.55004860833e-01
6.94971125573e-01 4.87549034879e-01
-6.03670235723e-01 -9.15047026239e-01
6.06961064041e-01 6.15363970399e-01
2.97873864882e-01 4.55044819042e-01
-9.65905297548e-01 -3.53449484333e-01
6.42754799686e-01 -9.98865739442e-01
7.56023172289e-02 4.52529408969e-01
-4.44537644275e-01 -3.77945019864e-01
-3.08944927529e-02 3.38495668955e-01
-9.08084303141e-01 2.93270450085e-01
-1.97555077262e-01 -2.93484723195e-01
-5.03918651491e-01 -6.82799031958e-01
-1.22574019246e-01 -7.01409569941e-01
-9.01911815628e-01 -8.24163259938e-01
9.59970895201e-01 3.34432348609e-03
3.78968117759e-01 2.23751019686e-01
3.21921911091e-01 3.79998306744e-01
-2.12727745064e-01 7.79378972948e-01
6.44024170004e-01 -1.82888306677e-01
-1.77746396512e-01 7.64854300767e-01
-4.34324050322e-01 -8.10165182687e-01
-8.97460515611e-01 -3.22716655210e-01
8.10945892707e-01 -1.32065555081e-02
4.48921289295e-01 -2.66240865923e-01
6.48005237803e-01 1.56089483760e-01
1.69764738530e-01 6.20294840075e-01
6.11182873137e-01 8.06997261941e-01
5.10090440512e-02 7.05141546205e-01
-3.45733184367e-01 -3.31105931662e-01
-8.31390457228e-01 -9.26571547054e-01
6.22623804957e-01 9.15211406536e-01
2.72185904905e-02 -8.01738517359e-01
9.72610905766e-01 2.35970847309e-01
5.16333053820e-01 9.98976427130e-01
2.87465896457e-01 -1.27976679243e-01
