6.76687515341e-01 -3.23272402398e-01
-1.79290363565e-01 -8.65928167477e-02
5.37580560893e-01 -1.22035286389e-01
2.41092350334e-01 8.07589272037e-01
-1.18644687347e-01 7.85797311924e-01
-9.69579951838e-01 -6.09149510972e-01
7.92185593396e-01 7.31845594943e-01
8.09499591589e-01 1.20397980325e-01
7.05441225320e-01 -7.62740924023e-01
-1.60526453517e-01 -1.13813830540e-01
5.95154706389e-01 3.87947626412e-01
-2.23525692709e-01 -1.28046371043e-01
-4.60145487450e-01 -4.66178826988e-01
-8.43014709651e-01 7.67562189139e-01
6.15665413439e-01 -6.55004860833e-01
6.94971125573e-01 4.87549034879e-01
-6.03670235723e-01 -9.15047026239e-01
6.06961064041e-01 6.15363970399e-01
2.97873864882e-01 4.55044819042e-01
-9.65905297548e-01 -3.53449484333e-01
6.42754799686e-01 -9.98865739442e-01
7.56023172289e-02 4.52529408969e-01
-4.44537644275e-01 -3.77945019864e-01
-3.08944927529e-02 3.38495668955e-01
-9.08084303141e-01 2.93270450085e-01
-1.97555077262e-01 -2.93484723195e-01
-5.03918651491e-01 -6.82799031958e-01
-1.22574019246e-01 -7.01409569941e-01
-9.01911815628e-01 -8.24163259938e-01
9.59970895201e-01 3.34432348609e-03
3.78968117759e-01 2.23751019686e-01
3.21921911091e-01 3.79998306744e-01
-2.12727745064e-01 7.79378972948e-01
6.44024170004e-01 -1.82888306677e-01
-1.77746396512e-01 7.64854300767e-01
-4.34324050322e-01 -8.10165182687e-01
-8.97460515611e-01 -3.22716655210e-01
8.10945892707e-01 -1.32065555081e-02
4.48921289295e-01 -2.66240865923e-01
6.48005237803e-01 1.56089483760e-01
1.69764738530e-01 6.20294840075e-01
6.11182873137e-01 8.06997261941e-01
5.10090440512e-02 7.05141546205e-01
-3.45733184367e-01 -3.31105931662e-01
-8.31390457228e-01 -9.26571547054e-01
6.22623804957e-01 9.15211406536e-01
2.72185904905e-02 -8.01738517359e-01
9.72610905766e-01 2.35970847309e-01
5.16333053820e-01 9.98976427130e-01
2.87465896457e-01 -1.27976679243e-01
-5.28163649142e-02 1.10441098921e-01
3.29920029268e-01 -1.01005227305e-01
8.86362791061e-02 7.87971502170e-01
-4.47488701902e-01 -4.26686895080e-01
-5.33316224813e-01 -7.68928924575e-01
-6.30167249590e-01 1.21273543686e-01
-2.36591023393e-01 -4.32431045920e-02
-5.06317741238e-01 -5.96093888395e-01
-7.74376815185e-01 9.80428867042e-02
-9.57162829116e-01 -8.86408586055e-01
9.55964738503e-01 5.29828908853e-01
3.78553620540e-01 2.59218923748e-01
1.76714518107e-01 7.03524283133e-01
-3.14955286682e-01 7.89694148116e-01
6.26489497721e-01 -4.19150786474e-01
-1.34200870991e-01 8.09580325149e-01
-4.05548757873e-01 5.42298542336e-01
-5.75227912515e-01 8.95917308517e-01
8.16329332069e-01 3.88402021490e-01
2.79173947871e-01 -4.77445103228e-01
2.27401825599e-01 4.86532412469e-01
5.31732141972e-02 4.28064886481e-01
5.60056670569e-01 3.80173830315e-01
1.87504068948e-01 4.22883242369e-01
-4.19574947096e-01 8.05131728761e-01
7.95127376914e-01 3.47147580236e-01
6.63925700821e-01 -3.22828033008e-01
-1.81970381178e-01 -9.36706718057e-02
7.05674349330e-01 -2.59942216799e-02
-3.48630071618e-01 8.70979986154e-01
4.84828985296e-01 6.42050678842e-01
-1.23804083094e-01 3.87814410031e-01
-7.22663315944e-01 3.90396293253e-01
4.37808243558e-01 -4.31164745241e-02
-7.51547254622e-02 -4.67502007261e-01
-6.28432838246e-01 4.50777450576e-01
9.48695161380e-01 -2.88046205416e-01
-2.03088589944e-01 3.35190890357e-01
-2.98326492310e-01 -3.24423079379e-01
-5.68805134855e-01 -2.65384084545e-01
5.19850238226e-01 -6.94712128490e-01
6.17217543535e-01 8.20336194709e-01
4.01602732018e-02 7.02129873447e-01
-9.92187159136e-02 -8.24773635715e-01
-9.37288279645e-01 1.38910464942e-01
8.22659097612e-02 -4.01099819690e-01
-1.51061053388e-01 1.88285652548e-01
-2.94983007945e-01 3.59461937100e-01
-8.74309993349e-01 2.42043629289e-01
7.55368020386e-01 -8.02521460690e-01
4.59484774619e-01 -2.18908213079e-01
2.44493290782e-01 -6.52227423154e-01
-2.55105404183e-01 -9.31835109368e-01
7.96777927317e-01 2.48560572974e-01
1.44428765401e-01 7.16580254957e-01
-8.70127389207e-02 2.58703153580e-01
-8.75765106641e-01 9.07859057188e-02
7.17479608953e-01 2.63545663096e-01
-2.43957811967e-01 2.62987021357e-01
7.10107549094e-01 -2.03327085823e-01
2.24081666209e-01 -1.13442353904e-03
-8.25360773131e-01 -8.76199314371e-02
-8.52678921074e-02 -4.37913886271e-01
-6.30883956328e-01 5.24174516089e-01
7.62675774284e-01 -8.84375401773e-01
-3.06832324713e-02 -9.52649140731e-01
-7.35556483269e-01 -9.11328165792e-01
9.66537622735e-01 -5.44340456836e-01
-2.68626347184e-01 4.21160549857e-01
-5.55552745238e-01 -4.07405208796e-01
-9.08161602914e-01 -5.12056692503e-01
5.13211482204e-01 1.55831474811e-01
3.01366033964e-01 1.33224284276e-01
1.06077710167e-01 2.35618933104e-01
-1.23449849896e-01 -3.82950345986e-01
-9.05381199904e-01 3.71481645852e-01
-2.28520817123e-01 -6.43955375068e-01
-4.33833030052e-01 5.26572600938e-01
-3.08472408913e-01 -4.22947760671e-03
-8.64917445928e-01 -8.29526211135e-01
9.09414113499e-01 -9.67146622017e-01
6.72060646117e-01 -7.67900140025e-01
1.54272019863e-02 -1.06625439599e-01
-2.72733332589e-01 6.22003534809e-01
3.90936176293e-01 -9.78250419721e-02
1.44558019005e-01 9.56710352562e-01
-1.84201644734e-01 8.41448545456e-01
-7.28098341264e-01 5.71563428268e-01
-7.71800309420e-01 8.63855101168e-01
-1.47928272374e-01 -9.13332553580e-01
6.10994962975e-01 -4.39807360061e-01
7.63857364655e-03 -8.97771403193e-01
-9.76042542607e-02 9.87666333094e-02
9.16019125842e-01 8.51737832651e-01
-6.99775138870e-01 2.42586728185e-01
9.93810120039e-01 6.78859583102e-01
3.37711512111e-01 2.42290913127e-01
-7.33117328025e-01 -7.95131276362e-01
8.71108185500e-01 9.91866865195e-01
-4.84905404970e-01 3.51615712978e-01
-8.49136061035e-01 -3.92082836479e-02
-7.53299178556e-01 -8.93231885508e-01
5.57631872594e-01 -6.83652053587e-01
4.78557021357e-01 4.53420666978e-01
-4.30662488565e-01 -2.48491115868e-01
-6.33906852454e-02 4.64597447775e-01
-5.23991046473e-01 9.08830411732e-01
-1.71469588764e-01 7.31287486851e-02
-7.48800675385e-01 -3.46699710935e-01
-6.30344131030e-01 4.09366820939e-01
-8.40054113418e-01 -3.70933954604e-01
5.27421243489e-01 -9.20164287090e-02
2.00669412501e-01 -9.31490353309e-01
7.95139344409e-02 -9.34765088372e-01
-3.91569364816e-01 -6.31261104718e-01
4.67728430405e-01 5.71907239035e-01
-1.16537209600e-01 -1.44854572602e-01
-1.11765683629e-01 1.19433489628e-01
-7.07092309371e-01 -7.44590008631e-01
-7.51059920527e-01 4.55207607709e-01
6.32985077798e-01 -6.16123028100e-01
-4.08477400430e-01 2.84787593409e-01
-8.90869718045e-01 -7.33700426295e-01
6.14225738682e-01 2.58515262976e-01
1.84776661918e-02 7.06357565708e-01
-8.72918898240e-01 7.48226837255e-01
8.30719613470e-01 1.12304459326e-01
-6.94993765093e-01 -1.78218538873e-01
9.39030282199e-01 4.02457967401e-01
-3.89554477297e-01 4.48112316430e-01
5.06164716557e-01 8.71521368623e-01
1.06743136421e-01 3.83246703073e-01
-4.49098166078e-01 9.43260803819e-01
-7.25187247619e-01 -7.29553801008e-01
-5.54541117512e-01 2.84669740126e-01
8.03727017716e-01 -5.67659454420e-01
4.95127820410e-01 -4.08716086298e-01
2.02188014984e-01 -4.97704778798e-01
-8.19962000474e-01 -3.14126851968e-01
7.43759929202e-01 -4.60810501128e-01
1.66574213654e-01 -9.69770370983e-01
-7.43493651971e-02 -7.88489012048e-01
-3.93707053736e-01 4.82532205991e-01
-5.80924250185e-01 -1.36774363928e-01
5.30226109549e-01 -4.82925998978e-01
3.45528994687e-01 -4.99734271318e-01
-5.46657975763e-01 -7.02048779465e-01
7.68790093251e-01 -1.67215809226e-01
4.40187715925e-01 -3.78658053465e-01
2.35146477818e-01 8.40239266865e-01
1.32439510897e-01 6.77160006016e-02
-4.42084068432e-01 -1.75244141370e-01
-7.64396536164e-01 -9.00886375457e-01
-9.00463821366e-01 9.64433544315e-01
5.08762061596e-01 -8.62960054539e-01
2.07449033856e-01 -3.68633703329e-01
2.23382582888e-01 -1.27376925200e-01
-8.31154575571e-01 -5.34620525315e-01
3.72969937511e-01 9.38519220799e-01
8.90993293375e-01 8.99050915614e-01
-9.26782339811e-02 -6.18578716181e-01
6.02132529952e-01 -2.74529157206e-01
5.64700756222e-02 8.01627496257e-02
-2.98744619824e-01 -1.93640958518e-01
-8.46635769121e-01 5.40934875607e-01
-6.93378669210e-01 -8.64178704098e-01
8.94655489363e-01 1.11655362882e-01
4.05809069052e-01 -5.29049135745e-01
-4.13270111196e-01 -8.11873153783e-01
-7.55335219204e-01 7.12429499254e-01
3.32309181802e-01 -5.55952881463e-01
-1.63471684791e-01 2.37360322848e-01
-7.01306894422e-01 -4.46486486122e-01
-4.09103478305e-01 3.14112957567e-01
-9.96954632923e-01 5.37493899465e-02
5.51202636212e-01 1.96483862586e-01
2.36704072915e-01 -6.07193556614e-01
-7.20239759423e-01 -7.78211157769e-01
9.51270407066e-01 -1.98612232693e-01
4.85801302828e-01 -2.34043203294e-01
-8.25284402817e-02 -2.69134714268e-01
1.46868312731e-01 -6.60332234576e-01
-3.39826454408e-01 8.77036266029e-01
-8.71328907087e-01 7.77261217125e-01
7.42883073166e-01 1.84581416659e-01
3.11601267196e-01 7.53326354548e-01
8.14841398038e-01 7.45856896043e-01
-4.12997745909e-01 -1.84151549824e-01
4.72455293871e-01 -2.61869647540e-01
-8.87111398391e-01 9.17941109277e-01
-1.02658125572e-01 -8.08006051928e-01
-2.66014483757e-01 5.78689323738e-01
6.24209335074e-02 -7.20064728521e-01
-8.60169475898e-01 -1.30119770765e-01
-2.84661323763e-01 8.73940019868e-01
4.58793731406e-01 -1.56422997825e-01
8.49214222282e-01 -4.42284359597e-01
-8.31759177148e-01 5.89088842273e-01
-5.23396437056e-01 2.15343267657e-01
1.01018955000e-01 -7.17101412825e-01
9.23546420410e-01 -1.77521850914e-01
9.95645411313e-01 -3.08853148483e-01
-7.90979684331e-01 7.20499921590e-02
-4.96705335565e-01 -5.07669072598e-01
3.59768520109e-01 3.11209747568e-01
-4.64246961288e-01 -1.49180006236e-01
-2.32844000682e-01 5.64475107007e-01
3.40275478549e-01 -3.36259711534e-01
3.84215897880e-01 -7.17252736911e-01
-6.38925817795e-01 -4.60860091262e-01
-9.09055089578e-02 8.94703301601e-01
3.80316727795e-01 -5.03564582206e-01
-7.61280966923e-01 -1.15612540394e-01
-4.74585596472e-01 6.13149852492e-01
-9.59034036845e-01 -2.99601919949e-01
-7.90778740309e-01 2.21900204197e-01
7.74902404286e-01 8.84386499412e-01
8.40180669911e-01 4.73824850284e-01
-2.86594284698e-02 1.63850030862e-01
4.12409113720e-01 8.34917183965e-03
7.39576615393e-01 2.65604934655e-01
-2.08407212049e-02 -6.19652058929e-01
-4.41716334783e-01 6.46290127188e-01
2.43518932723e-01 9.02764351107e-01
2.63947104104e-01 -5.01622491516e-01
-4.41058534198e-01 8.09314908460e-01
3.24798999354e-01 -9.61959776469e-01
7.52435737289e-01 3.29408885911e-01
-9.19229017571e-01 3.91646676697e-01
-5.12447841465e-01 4.12918267772e-01
-2.43903644383e-01 -2.47355132364e-01
5.63392799348e-01 8.15848659724e-01
-8.52306073532e-01 6.92027542740e-01
-9.95788734406e-01 4.79700388387e-02
-3.83538891561e-01 -5.59231162071e-01
2.71335746162e-01 -2.16956478544e-01
8.38467899710e-01 4.44207843393e-02
-1.67339565232e-01 8.28540556133e-01
6.75952912308e-01 -8.39362148196e-01
4.15251010098e-01 6.63391792215e-01
9.04935087077e-01 -3.27527869493e-01
-2.28971689939e-02 -2.07179822959e-01
4.67688092031e-01 7.84234821796e-01
-7.62656750157e-01 8.77055755816e-01
-4.66175914742e-01 8.01890171133e-01
7.45120715350e-01 1.84284164570e-01
-9.72396419384e-01 -4.24926714040e-01
8.03724439815e-01 9.02969786897e-01
-6.25927976333e-01 6.17771136574e-01
-8.63823285326e-02 -2.92348629795e-01
4.25537714735e-01 3.63029959612e-01
6.93995122798e-01 -9.34886645526e-01
-9.27757983096e-01 1.11195703037e-01
-4.26515119150e-01 -2.01158284210e-01
8.10661111027e-02 1.49081752636e-01
4.61411166936e-01 -6.93142579868e-01
8.52707410231e-01 -8.38770809583e-01
4.52550194226e-01 -4.24786963500e-01
7.80706056394e-01 -2.51626223326e-02
-5.26972278021e-01 3.59637130052e-01
-1.98146226816e-01 -7.14518460445e-01
-1.45596344955e-01 -2.03988388181e-01
-6.69536096975e-02 -8.44054828398e-01
-8.37063172832e-01 -4.27207807079e-02
-2.64793994837e-01 -4.43431362510e-02
-2.91680339724e-01 8.98617767729e-01
2.53355994821e-01 1.77952449769e-01
-8.10374918394e-01 -2.49720925465e-01
-7.21878208220e-01 -6.33182022721e-02
7.34901611693e-01 -6.86107443646e-01
2.96595499851e-01 -7.23374645226e-01
8.88042798266e-01 -3.24951102957e-01
-7.51940526068e-01 -2.47551632114e-01
4.36699840240e-01 7.21121087670e-01
-7.72172098979e-01 9.33133396320e-01
-8.43199817464e-02 -6.17602366023e-01
1.52190656401e-01 -1.46558450535e-01
-9.13867661729e-01 5.86737363599e-01
-8.22323459201e-01 3.99417011067e-02
-7.29025308043e-01 -1.89770404249e-01
-4.09534474835e-01 -2.33603219502e-01
3.88058613986e-01 -8.68778945878e-01
7.03165432438e-01 -7.43137869053e-01
-5.47673883848e-01 -8.39392311871e-01
-9.38278981484e-01 5.43700801209e-02
4.14787581190e-01 5.18141726032e-01
7.23403802142e-01 9.83545770869e-01
-9.89398302510e-01 3.10316737741e-01
-3.86814871803e-01 -8.68726504035e-01
7.76780477725e-01 8.55716483667e-01
-5.82040577196e-01 4.34980957769e-01
-9.66981984675e-03 -6.98140658438e-01
-4.93536855094e-01 4.82251485810e-01
-7.92781040072e-02 -5.19216020592e-01
4.97452069074e-01 -9.13527022116e-01
5.05186929367e-01 9.59049311467e-01
4.49008446187e-01 -9.96945296414e-01
2.78338515200e-01 4.71192216501e-02
-8.67522362620e-01 -6.45339740440e-01
-5.50855456851e-01 -5.86313692853e-01
-2.20673542470e-01 -8.96275811829e-01
2.85215479322e-01 -6.87622908503e-01
-8.34004114382e-01 -8.32908716053e-01
-5.99520413205e-01 7.20801988617e-01
-4.68476269394e-01 -3.11039570719e-01
-8.55152558535e-01 1.28872119822e-01
-4.70844012685e-01 -6.25882262364e-01
-1.73649366014e-01 5.08686905727e-01
7.41860812530e-01 -9.08411339857e-01
-8.16431006417e-01 2.05380423926e-01
-4.64885908179e-01 9.32362025604e-01
-2.31476929039e-01 -9.80174392462e-01
4.25167609937e-01 1.01591885090e-01
9.90106854588e-01 1.52566324919e-01
-7.39920777269e-01 5.53741544485e-01
-9.01272179559e-01 6.50396190584e-01
-4.71260918304e-01 -6.06054505333e-02
2.89803520776e-01 -5.49993459135e-02
7.88814158179e-01 4.33523298241e-01
-4.27057780325e-01 4.87969433889e-01
6.61816733889e-01 -3.48680441268e-01
-8.92855172977e-01 -8.22924350388e-01
-4.28818657994e-01 6.23420214280e-01
-3.50031839684e-01 -7.40480863489e-01
1.42490969971e-01 8.11596851796e-01
2.79643446207e-01 5.19630398601e-01
5.21874580532e-01 1.62990825251e-01
-5.86813857779e-01 1.06457352638e-01
9.68565534800e-01 6.11187142320e-01
-9.33319884352e-01 -3.37658972479e-01
-3.41694765724e-01 9.75977037102e-01
2.35486102290e-01 1.43979485147e-01
-5.08889164776e-02 -3.19026455283e-01
9.23117184080e-01 5.81420486793e-01
-7.80674812384e-01 8.29473176040e-01
-2.82192689367e-01 2.38537553698e-01
6.03610002436e-01 -8.41261486523e-01
-2.63149864040e-01 3.58680980280e-01
-2.06703682430e-01 3.88535085134e-01
3.53880556300e-01 -6.89936895855e-01
6.94994758815e-02 -8.41847018339e-01
-3.91050327569e-01 3.13926531933e-01
-1.62628675811e-01 -3.85512123816e-01
6.72501475550e-01 -3.89343303628e-01
-8.47788366489e-01 8.66603239439e-01
-5.25092306547e-01 2.36506548710e-01
-7.93364540674e-01 -7.03772853129e-01
-4.96727174148e-01 -9.54340284690e-01
1.90116090700e-01 6.25520310365e-01
7.98559879884e-01 -7.72099900991e-01
-4.33387941681e-01 4.55412357114e-01
4.79708403349e-01 -1.13244623877e-01
8.86994820088e-01 8.75243980438e-01
-4.23890382983e-01 -7.54512973130e-01
-3.57319177128e-01 4.79921460152e-01
3.40621108189e-02 -3.05719287135e-01
4.72084159032e-01 1.43820708618e-01
6.16042561829e-01 8.29366757534e-01
-6.18501596153e-01 -9.23944460228e-01
2.07309811376e-01 5.77794326469e-01
-9.89312590100e-01 -1.91621048376e-01
-3.31280465238e-01 8.78752517514e-01
2.11281004362e-01 -5.78931113705e-01
-1.45893314853e-01 -2.59905308485e-03
2.90189182386e-01 -4.40692820586e-01
-8.74486829154e-01 9.27889714018e-01
-4.87676349469e-01 7.36884038895e-01
3.74607378617e-01 -2.21373489127e-01
-8.89341521077e-01 -3.11299458146e-01
-2.07719321363e-01 8.24109413661e-01
3.14612906426e-01 -8.42546956614e-01
4.37353277579e-01 2.05321722664e-01
5.82697322592e-01 -8.43979998492e-01
-1.72752108425e-01 2.59321315214e-01
7.38302247599e-01 -6.09400548041e-01
-7.17293355614e-01 -9.67204102315e-01
-1.40638888814e-01 -2.73911878467e-02
-8.05921229534e-01 8.92412252724e-01
-4.45821570233e-01 5.92461423948e-02
1.83153383434e-01 -4.03632086702e-01
7.27337895893e-01 -2.83194985241e-02
-2.15814672410e-02 4.23561148345e-01
3.10506584123e-01 5.29455188662e-01
5.08338790387e-01 -8.02315524779e-01
-6.02672880515e-01 -5.44994305819e-01
-3.31518122926e-01 -9.65088168159e-02
2.19672067091e-01 -4.69348005019e-01
4.99881735072e-01 -6.97025781497e-01
8.30823264085e-01 -1.79530693218e-01
-7.10735916160e-01 9.56321204081e-01
3.31734661013e-02 -4.04780503362e-01
6.16129817441e-01 -3.37499442510e-01
-4.70101008192e-01 7.11743719876e-01
1.45844209008e-01 -8.88265783899e-01
-1.76665866747e-02 -1.91887130029e-01
2.97777889296e-01 -7.91528278962e-01
9.01148929261e-01 7.46009014547e-01
-3.88564129360e-01 4.61898606271e-01
6.68687229976e-01 -7.98781142570e-01
-8.47685893066e-01 5.28145666234e-01
-6.60914432257e-01 5.03778599203e-01
3.05634231307e-01 7.34954788350e-01
1.03119142354e-01 4.48551856913e-01
5.89310421608e-01 2.69448982552e-01
-9.96005376801e-01 -5.55895362049e-01
5.36807992496e-01 1.61180844530e-01
-7.28110951371e-01 -4.64863443747e-01
-1.83553788811e-01 -7.33502670191e-01
3.84455163963e-01 5.74277256615e-01
-5.58369557373e-01 -2.64533634298e-01
-4.51502439566e-01 1.32661440410e-01
1.07969112694e-01 -2.15259475634e-01
8.36412448436e-01 1.55029388145e-01
4.91082153283e-01 -5.93173847534e-01
5.25715492666e-01 1.35187656619e-01
-8.18162583746e-01 4.73978309892e-01
8.95787092857e-01 5.17113843001e-01
1.85814434662e-01 -2.75342232548e-01
4.39204299822e-01 3.99812602438e-01
7.77497926727e-01 -8.60325031914e-01
-8.79294835031e-02 -5.95042337663e-01
4.36689043418e-02 -4.18177923188e-01
6.11468262039e-01 -1.50852771476e-01
-8.47997138277e-01 1.03229400702e-01
-4.55005379394e-01 -1.86710842885e-01
-1.02687855251e-01 4.19988154434e-01
2.82305501401e-01 -5.07710553706e-01
5.76833778992e-01 -1.65448497050e-01
-5.96643966623e-01 4.56414229237e-01
6.85709185898e-01 9.15192184970e-01
-8.54790473357e-01 -9.64721558616e-01
-7.22398594022e-01 -7.27438935079e-01
-1.85085177422e-01 2.27731773630e-01
1.07603710145e-01 -8.93546856940e-01
5.87205742486e-01 -3.47970888950e-01
-8.12238309532e-01 4.61101019755e-01
-4.47253544815e-01 -6.52884131297e-01
-7.32186867855e-01 1.45659818314e-01
-1.84926212765e-01 -6.48808815517e-01
4.91876905784e-01 -3.91740272753e-01
7.93923705816e-01 4.32856297120e-02
-4.64249313809e-01 -1.15621907637e-01
2.14149123058e-02 3.12565745786e-01
-8.44673767686e-01 2.93492966332e-01
-2.98127152026e-01 -3.38354061358e-01
3.27739569359e-01 3.95165141672e-02
-8.35383277386e-01 3.79958266392e-01
9.56553485245e-01 -8.22506469674e-01
-7.47228330001e-01 3.89388421550e-01
3.77738015726e-01 3.88193896040e-01
9.54621248879e-01 1.11899325624e-01
-4.56277724355e-01 -2.28132246993e-01
1.13754983991e-01 -1.82391603477e-01
8.81979271770e-01 -4.81345778331e-01
-9.42689792253e-01 -9.22636457719e-01
-4.49606458656e-01 3.26157561503e-01
-6.84062265791e-01 -2.63164057396e-01
7.06863607280e-01 -1.90226620995e-01
8.50002779625e-01 7.05167857930e-01
-6.31655542180e-01 -1.86299870722e-01
3.84711261839e-01 4.45519939065e-01
-6.37780871242e-01 -7.42250300944e-01
-8.06135293096e-02 9.15760327131e-01
3.85236012749e-01 4.38748756424e-01
2.12564018555e-01 4.59230674431e-01
-6.22584692203e-01 1.23383855447e-01
-2.51005591825e-01 6.37419885956e-01
2.08100714721e-01 2.80391383916e-01
7.50214613974e-01 5.70188387297e-01
-3.66050869226e-01 -3.69543699548e-01
-2.56299590692e-02 6.19162596762e-01
2.85066397861e-01 6.74985432997e-01
4.07285708934e-03 -3.11491224915e-01
3.09238210320e-03 -5.47079090029e-02
8.72379075736e-01 -5.56540663354e-01
-3.41563758440e-01 -9.55481339246e-01
-9.37923975289e-02 -4.90402706899e-01
-9.53253739513e-01 -8.68195425719e-02
7.73926963098e-01 7.35961185768e-01
-6.78687911481e-01 -7.47324527241e-01
-6.99978005141e-02 -2.25188808516e-01
9.79773918167e-01 4.90789647214e-01
-4.38834567554e-01 -8.65008551627e-02
7.54309846088e-02 -1.81965892203e-01
6.46786211990e-01 5.11144733988e-01
-7.74749331176e-01 -3.36428638548e-01
-4.89332546480e-01 -7.65872770920e-01
-6.82971591130e-01 -8.96913864650e-01
1.45854094997e-01 -9.40064512193e-01
7.98186260276e-01 -4.37635096721e-01
-6.57991727814e-01 3.97658186033e-01
4.82778777368e-01 -9.25798469223e-01
8.08812499046e-01 -4.07218986191e-01
-4.11388217472e-01 5.45168897137e-01
4.02539772913e-01 -6.06377423741e-01
3.51106030867e-02 8.11713139527e-01
6.11963701434e-01 -9.23251373693e-01
-3.45193767920e-01 -6.99852474965e-01
1.90194156952e-01 -6.46753697656e-01
8.64416250959e-01 -5.90098100714e-01
-3.36692459881e-01 -7.08688865416e-01
-3.07510253042e-02 3.81007281132e-01
4.38281380571e-01 3.68191086687e-01
1.14391131327e-01 5.75753504410e-01
8.81248840131e-01 1.28216797486e-01
-9.96289771982e-01 5.12054556981e-01
-3.34242735989e-01 -4.20338692144e-01
-1.19465020485e-01 -8.07115884498e-01
2.51979345456e-01 6.37537614442e-01
9.88969199359e-01 -4.41385031678e-01
-6.28002962098e-01 6.82718003169e-01
-8.42145076022e-02 6.18698132224e-01
4.55044598319e-01 5.93370329589e-01
8.39517337270e-01 2.81024760567e-01
7.67325330526e-03 5.68372633308e-01
6.66509219445e-01 -1.64891630411e-02
-8.70394996367e-01 -3.63369908184e-01
-4.15440900251e-01 -1.03736883029e-02
-2.71452296525e-01 -6.09706810676e-01
5.56675391272e-02 9.29756909609e-02
2.61941884644e-01 2.91714832187e-01
-7.34075282700e-01 -6.39849860221e-01
4.06745783985e-01 8.35111135617e-01
9.30649315938e-01 -9.07081012614e-01
-8.03921515122e-01 -1.35080249049e-01
3.11136076227e-01 2.02998538502e-01
6.48168781772e-02 -8.66365075111e-01
5.88794562034e-01 -2.72742480971e-01
-7.72586253472e-01 6.82710004970e-01
2.42264335975e-01 1.20865543373e-01
7.92095311917e-01 -1.83378596790e-01
-7.49010323547e-01 8.99922275916e-01
-3.88676124625e-01 -5.88751429692e-01
3.19071292877e-01 5.63500121236e-01
4.25438975915e-01 4.52356180176e-02
9.70779795200e-01 9.53438115306e-01
-9.43383208476e-01 -6.37382449582e-01
-6.80654347874e-01 -6.63680455647e-01
1.41041791067e-01 9.08499048091e-01
7.17033380643e-01 -5.77045360580e-01
2.58127390407e-01 2.25617642514e-01
-6.05979885906e-01 -9.32833990082e-01
-3.00708170049e-01 2.18447996303e-02
3.55522586033e-02 7.61563844979e-01
7.71935516037e-01 8.94657710567e-01
-7.14248698205e-03 7.21442339942e-01
3.59049813822e-01 -4.51618229039e-01
8.60125732608e-01 6.36649419554e-01
9.21576284803e-01 -9.72673070617e-01
-3.39277131483e-01 -5.75794189237e-01
1.95588000119e-01 2.05074945465e-01
2.56071096286e-01 -5.90275698341e-01
-8.28714147210e-01 9.08585580997e-01
3.63298474811e-01 -7.72929424420e-01
9.11446099170e-01 -7.01668274589e-01
-8.10170964338e-01 6.38420973904e-01
-4.84356006607e-01 3.54654639959e-02
5.55286537856e-02 -4.89428961650e-01
5.70934413001e-01 8.22360807098e-01
-8.49939175881e-01 9.09011347219e-01
-4.62068167515e-01 -9.08828631975e-01
6.37629725970e-01 -5.05973203108e-01
-7.31449075975e-01 2.19211136922e-01
-4.35079971328e-01 8.79210130312e-01
3.94984562881e-01 -1.19027132168e-02
1.21298439801e-01 -2.35600830056e-01
9.75380852818e-01 3.04297307506e-01
-7.95343507081e-01 8.60378745012e-01
-4.31038231589e-01 -2.65686563216e-01
-8.00029654056e-03 -2.68530858681e-01
7.48771647923e-01 6.99015483260e-01
2.92956298217e-01 3.74898009934e-01
8.28800694086e-01 -3.18711400963e-01
-4.89258561283e-01 -8.92111463472e-02
3.50643638521e-02 -9.54784522764e-01
7.78248864226e-01 -6.34662453085e-01
-3.69214087725e-01 -5.47792768106e-01
2.74538283236e-01 7.63663901947e-01
8.50917753763e-01 -3.75325537287e-01
5.84275071509e-01 9.30102271028e-01
-5.55461718701e-01 -8.50707571022e-01
9.06231319532e-02 8.01493291743e-01
6.67513091117e-01 -2.43552824482e-01
-7.50516725704e-01 -2.99962116405e-01
-5.28588341549e-02 -1.44627065398e-01
9.28510951810e-01 4.89665310830e-01
-5.16567170620e-01 4.77664644830e-01
-2.47698832303e-01 4.26663680933e-01
-4.94288005866e-01 -5.32076945528e-02
6.91231457517e-01 -2.33187261969e-01
9.61789690889e-01 -7.63715458103e-01
-6.47820823826e-01 -6.76187929697e-01
1.00917900912e-01 -4.90447814576e-01
-9.60553764366e-01 -3.47252873704e-01
-3.79588175565e-01 2.69726538099e-01
4.10572788678e-01 3.01113393158e-01
1.87460076995e-01 -9.32914362289e-01
8.49092002958e-01 1.18154057302e-01
-9.17910132557e-01 -9.01577390730e-01
-1.21610222384e-01 -4.78318995796e-01
7.20077457838e-01 5.76605152339e-01
2.78341262601e-01 8.03392348811e-01
4.67268592678e-01 8.50537614897e-01
7.58145537227e-01 6.88520677388e-01
-8.82643230259e-01 6.61404859275e-02
2.12203687988e-01 4.97389919125e-01
-8.49221674725e-01 -7.59388846345e-01
-3.04573897272e-01 9.56580187194e-01
-1.92990012467e-01 -7.14000840671e-01
8.80735317245e-01 -7.17231620103e-01
5.67239855416e-01 9.89242232405e-01
-5.73786193505e-01 7.27300074883e-01
-2.75297817774e-01 -1.60700541921e-01
7.47118900530e-01 -2.80924065970e-01
-8.27176508494e-01 8.43455602415e-01
-5.49760181457e-02 -9.83225132339e-01
3.51616567001e-01 -3.95976042375e-01
-9.62378778495e-01 9.53078668565e-01
-4.79999808595e-02 5.36933059804e-01
-4.69341457821e-01 -4.51720132492e-01
4.21160249040e-01 5.13392908499e-01
8.70428672060e-01 3.81871555932e-01
-7.02988335863e-01 -1.46034196019e-01
6.36404743418e-02 5.24554383010e-01
8.91961122863e-01 2.59595745243e-01
-6.78773186170e-01 8.80896233022e-01
1.16198590957e-01 7.63126769103e-01
1.30844099447e-01 -3.43226161785e-01
7.07554602996e-01 9.09957341850e-01
-6.12667500041e-01 -1.27944312990e-02
-6.95389658213e-02 -8.99031304754e-01
7.30170829222e-01 -6.85654109344e-01
-9.68735167757e-01 -2.58680893108e-01
-8.65100475028e-01 -6.33953779936e-01
-2.77674927376e-01 -8.47597167827e-01
-1.84530345723e-01 3.50974488072e-01
6.76720319316e-01 -2.20885592513e-01
1.17647915147e-01 5.95661086030e-01
5.82437247969e-01 2.69780404866e-01
-7.27167554200e-01 3.74735632911e-01
-1.64022165351e-01 9.31141712703e-01
-3.00469233654e-01 8.43577966094e-01
5.54913640022e-01 -5.74378580786e-01
-3.07455427945e-01 6.54091071337e-02
5.45281060040e-02 -6.36588390917e-02
-4.15662471205e-02 -8.22204796597e-01
-1.27934172750e-01 -8.90799971297e-01
3.09580406174e-01 5.34412973560e-01
-8.59235071577e-01 6.34574085474e-01
-9.05661459081e-01 3.71439661831e-01
4.26046638750e-01 -4.43772000261e-01
5.73389485478e-01 -9.63285225444e-01
-5.99769864231e-01 -2.43019448593e-01
-3.30807510763e-01 -8.95434059203e-02
-2.52216596156e-01 -5.52382142283e-01
1.72984074801e-01 5.91565631330e-01
6.94356513210e-01 3.83189665154e-02
4.30610249750e-01 -4.15287993848e-01
-5.52759159356e-01 8.03247394972e-01
4.41023710184e-01 -6.63922020234e-01
7.69487535581e-01 7.69943511114e-02
7.11598673835e-01 6.67528421618e-01
5.11450041085e-01 4.71542320214e-01
-9.55354261212e-01 -6.09256820753e-02
-4.27720169537e-01 -9.03053556569e-01
-3.08824807405e-01 2.41147055291e-01
-1.45877061412e-01 1.48704778403e-02
3.14262552187e-01 6.26195864752e-01
6.98932209983e-01 -3.21154414676e-01
8.87226447463e-01 7.58364406414e-01
-6.95419735275e-01 6.70908855274e-01
-1.53736525215e-01 -4.84475144185e-01
-8.54934926145e-01 6.31899284199e-01
6.03178871796e-01 -3.76145976596e-01
-2.63023606502e-01 6.71705685556e-01
4.61381012574e-02 6.62349644117e-01
2.08140574396e-02 5.41817388497e-01
-8.41533578932e-03 6.95402831770e-01
3.43479726464e-01 9.01441549882e-01
-8.66418322548e-01 1.91400327720e-01
-2.56875267252e-01 -4.17340441607e-01
3.76729890704e-01 2.13456140831e-01
9.57730814815e-01 9.05303911306e-01
-9.21469923109e-01 -9.25876055844e-01
-2.44583953172e-02 5.24313854985e-01
-6.36534621008e-01 -5.32821228728e-01
1.52022224851e-01 -6.02557540871e-01
6.00247282535e-01 -8.00288440660e-01
-6.14099637605e-01 -8.22148850188e-01
-5.35668534227e-01 3.99461503141e-01
-1.43510964699e-01 2.35187303275e-01
7.91071886197e-01 7.04237481579e-01
-6.28325119615e-01 5.93821715564e-01
7.24785836414e-01 7.33878660947e-01
-7.96686071903e-01 -3.21554674767e-01
-9.64227002114e-02 -2.85226181149e-01
4.90674780682e-01 -1.19703708217e-01
5.00997405499e-01 2.97393039800e-01
-8.75187405385e-01 -1.34770357050e-01
-7.87593955174e-02 1.89195615239e-01
-4.96834037825e-01 -4.08222722821e-01
1.21459272690e-01 -7.94698731042e-01
-5.85333960131e-01 7.49909720384e-01
-1.19259640574e-01 2.39420869388e-01
-3.78065794706e-01 -1.77171647549e-01
6.34590425529e-01 5.11317290366e-01
7.44965298101e-01 6.91735196859e-01
-7.90056939237e-01 8.34537867457e-01
-9.63893884793e-01 -4.18190567754e-01
-2.54092533141e-01 6.17218987085e-01
5.42271266691e-01 4.70230523497e-02
-9.74590683356e-01 -4.21791359782e-01
-8.64606485702e-01 4.89745037630e-02
-2.82656397671e-01 -2.35740712844e-01
-1.85085359961e-01 -6.97545977309e-02
6.42043043859e-01 -1.76489249803e-01
1.18748448789e-01 6.83371226303e-01
8.75463410281e-01 -4.30386583321e-01
-4.62373523042e-02 6.90264348872e-01
3.49315707572e-01 -3.84173849598e-02
5.12533351779e-01 -1.47258378565e-02
-9.14919267409e-01 5.05585419945e-01
-8.70988233015e-01 -8.83089572191e-01
-4.59604398347e-01 8.25895240530e-01
-4.28088651970e-02 2.76892412454e-01
2.77211991139e-01 -4.02654385194e-01
-3.29930442385e-01 -5.85508381948e-01
2.43238157593e-01 -3.10535901226e-01
8.59064950608e-01 4.28853585385e-01
-9.04047437012e-01 5.66862644628e-02
-4.09121756442e-01 6.31625097245e-01
4.47473124601e-01 -7.43510721251e-01
4.19909013435e-01 5.92124683782e-01
-9.31544399820e-01 -6.59705456346e-01
-7.48325120658e-02 -9.74456972443e-01
3.09542269446e-01 8.93268977292e-01
3.94824692048e-01 -2.41587349214e-01
7.27799832821e-01 -2.59377527982e-03
-7.86757523194e-01 4.30993919261e-01
-3.90077112243e-01 9.56051217392e-01
-4.59493162110e-01 1.75835147500e-01
6.88461839221e-01 -8.01791454665e-01
-9.49413564987e-01 8.21511638351e-01
-9.15349107236e-02 2.75068059564e-01
-4.67653077096e-01 6.46604750305e-01
-2.21865624189e-01 8.46021390520e-01
6.59198413603e-01 -2.54038519226e-01
-8.13018868677e-01 7.06200938672e-01
8.63258032128e-01 6.26920400187e-01
-1.79474403150e-01 8.17663539201e-02
6.54190489091e-01 -5.96410004422e-01
-7.71242710762e-01 -2.00162365101e-01
-8.28134564683e-01 -6.40515981242e-01
-6.20497602038e-01 -2.67997129820e-01
-2.04975826666e-01 -7.30400358327e-01
2.87223096006e-01 -9.03697784059e-01
4.92865430191e-01 -3.48647742532e-01
-5.08148914203e-01 5.33340157941e-01
-2.42823874578e-01 9.63750688359e-01
2.67838316038e-01 9.93022155948e-01
-8.52534819394e-01 -9.17617311701e-01
-3.12251671217e-01 2.87040420808e-01
4.36058277264e-01 -9.90411963314e-01
-5.49217088148e-01 -6.21376672760e-01
-9.21807981096e-01 7.43723785505e-01
-1.12210839987e-01 -8.31507055089e-01
3.22222308256e-01 -6.44457200542e-02
-8.17460886203e-01 4.11781702191e-01
2.74315470830e-01 -1.73565883189e-01
8.24173109606e-01 4.81522542424e-01
-4.63394167833e-01 -4.69109162688e-01
1.01284258068e-01 8.81363991648e-01
7.02301891521e-01 -3.19584870711e-01
-9.38547992148e-01 3.82679848932e-01
-6.19158521295e-03 7.66943528317e-01
2.90457942523e-01 -7.62204304338e-01
-4.29403655231e-01 -7.53202755004e-01
4.04041944072e-01 -2.02506743371e-02
-8.25180096552e-01 6.75715257414e-01
-3.46060751937e-01 -7.73386384360e-01
1.40123634599e-01 -9.12428641692e-01
7.04033805989e-01 7.19684049487e-01
-8.53484811261e-01 8.94488786347e-01
-4.42496514879e-01 -8.94886096939e-01
-7.61312006041e-01 4.62276078761e-02
-4.93214173242e-01 -8.36307163350e-01
3.07822355069e-01 -9.68829784542e-01
8.74600389972e-01 6.20272101834e-01
-7.42002335377e-01 -3.61933896318e-01
-1.61266159266e-01 2.31509600766e-01
2.74655108340e-01 8.21246322244e-01
-8.41806933284e-01 2.15951327235e-01
-4.87435682677e-01 1.30322659388e-02
1.10222272575e-01 -1.08036127873e-01
-6.17842608131e-01 -6.59831485711e-01
-4.51115453616e-02 8.52035039105e-01
-1.28655238077e-02 8.19167746231e-01
2.85307007842e-01 5.82504522055e-01
-8.35218097083e-01 -5.89941351674e-01
-8.49310544319e-01 7.11710824631e-01
-8.36916212924e-01 -8.15514623187e-01
-3.56258155778e-01 -2.44253157638e-01
2.92107053101e-02 2.65877668746e-01
-9.23494512215e-01 3.69441183284e-02
-8.93719020300e-01 -4.75357801653e-01
-4.06811387278e-01 3.19224142469e-01
4.46954425424e-01 -2.46512096375e-01
3.05318017490e-01 9.69904724509e-01
4.72942687571e-01 -1.23449377716e-02
8.01292252727e-01 -9.17953463271e-01
-3.22394640185e-01 6.95144905709e-01
7.23968667910e-01 -8.30359352753e-01
6.59700557590e-01 -1.21299389750e-01
-7.64912387356e-01 -7.15803800151e-01
-4.11771570332e-01 -9.10035202280e-01
-2.02415259555e-02 -6.29449698143e-01
-4.73470726982e-01 -8.90106562525e-01
4.20134959742e-01 4.64490448125e-01
7.56092243828e-01 -6.85016109608e-01
-1.64561208338e-01 -5.16466209665e-02
-5.83664150909e-02 -4.34907265007e-01
3.55234269984e-01 -6.86248696409e-01
-7.52881908789e-01 -6.77222873084e-01
-9.99254015274e-01 7.62037979439e-01
-5.46825412661e-01 5.02334153280e-02
9.70003546216e-01 -5.64016030170e-01
6.18891426362e-01 4.91449370049e-01
1.45076271147e-02 -3.96116990596e-01
-8.93470636569e-01 4.72913034260e-01
7.16832951643e-01 -8.49370226264e-01
6.35694653727e-01 -8.46900304779e-01
-1.48852558807e-01 -4.96750869788e-01
-8.59375526197e-01 5.10984007269e-02
3.73984696344e-01 4.72223538905e-01
2.95209182426e-01 -8.31928458065e-01
-1.00291886367e-01 8.51724061184e-01
9.39593480900e-01 8.30989407375e-01
4.35440561734e-01 7.97530133277e-02
1.06150996871e-01 -2.14673727751e-02
-2.84668333828e-01 -3.37209360674e-01
7.59534075856e-01 6.13071052358e-02
2.40296307951e-01 7.59282630868e-01
1.60077121109e-01 -8.62518822774e-01
-7.33225337230e-01 -5.96710020676e-01
-7.52974295057e-01 7.00745275244e-01
-4.93137254380e-01 5.14542334713e-01
-4.15105596185e-01 4.00236385874e-01
4.92253651842e-01 3.57958350331e-01
4.09119765274e-01 1.30744811147e-01
9.48663542978e-01 -6.23606201261e-01
-2.24677827209e-01 -4.40682114102e-01
6.64479454048e-01 1.11244342290e-01
2.71984823048e-01 -8.81046450697e-01
-8.13040571287e-01 -2.57015580311e-01
-7.99139011651e-01 8.70964813046e-01
-4.72198300064e-01 4.05095479451e-01
9.86374076456e-01 1.49521063082e-01
8.78898808733e-01 -8.12891352922e-01
1.93628808483e-01 -7.13066684082e-01
-2.67243312672e-01 -9.94503173046e-01
5.04719545133e-01 -4.42785587162e-01
7.36111474223e-01 -4.49628206901e-01
-2.28838812560e-01 -3.29225029796e-01
-7.05397400074e-01 -1.55241076834e-01
3.41950228438e-01 7.86641369574e-01
2.58988289163e-01 9.59119144827e-02
-7.97876287252e-02 5.62898304313e-01
-9.80906282552e-01 -1.26248201355e-01
4.79355600663e-01 5.07627007551e-01
6.77773347124e-02 -1.59995327704e-01
-2.53287393600e-01 -5.45963086188e-02
-8.28172773123e-01 6.96370391175e-01
3.59428226948e-02 9.52579448931e-01
1.41612847336e-01 8.70836028829e-01
-7.40966001526e-01 4.36430763453e-01
9.95353586972e-01 5.94984439202e-01
-1.95097138174e-01 8.36410329677e-01
-5.35712959245e-02 5.51794311032e-01
-9.11872121505e-01 -1.20518104173e-01
6.05304995552e-01 -1.19994341396e-01
-3.85063887574e-01 -5.05968575366e-01
-4.76045350544e-01 8.19568269886e-01
-8.55811327696e-01 -1.54453496449e-01
6.62746691145e-01 -7.01015269384e-01
-3.68597172201e-01 -1.94108256139e-01
-3.33714756183e-01 -1.73942438327e-01
7.93673333712e-01 8.83740674704e-01
4.84763422050e-01 5.98100378178e-01
9.44612442516e-01 -5.77416168526e-02
9.34380069375e-02 -4.19369228184e-02
-3.93211424351e-01 -9.75341652520e-01
-7.28846216574e-01 4.12783697248e-02
6.73924809322e-01 -8.36776785553e-01
-1.41873206012e-01 -5.44349683449e-01
-7.04670407809e-01 -8.86204884388e-01
8.02034568042e-01 -4.43200452253e-01
3.24707697146e-01 -8.73523926362e-01
-1.91067949869e-01 2.21750434488e-01
-5.16708073206e-01 1.19429768994e-01
6.96944219992e-01 1.40405860730e-01
1.68368592858e-03 4.94312243536e-02
-2.65078650787e-01 1.93102023564e-01
-8.40219214559e-01 2.44454917498e-01
6.43227571622e-01 7.77000066824e-01
2.07306890748e-01 5.03283818252e-01
-3.49427759647e-01 6.55606075190e-01
8.66112123244e-01 4.17444564402e-01
8.58719218522e-02 -1.96563463658e-01
-6.12830780447e-02 -2.45928441174e-01
-6.02451638319e-01 4.92765364237e-01
9.13936670870e-01 7.67992991023e-01
1.18525263853e-01 -8.66175936535e-02
-4.95023785159e-01 1.19305221364e-01
-7.90350005031e-01 8.82577667944e-01
7.44629521854e-01 9.71004908904e-01
-2.00259229168e-01 3.61084311269e-01
-3.35284764878e-01 8.00608167425e-01
8.68284589611e-01 -7.21256788820e-01
2.63805503957e-01 4.78116719052e-01
-3.84071161039e-01 -3.47152603790e-01
4.15221803822e-01 -9.27564189769e-01
-3.84056842886e-01 -7.74947996251e-01
-9.95932945050e-01 4.03511080891e-01
9.88959929906e-01 1.85989137739e-01
-2.21490483731e-01 -9.42728137597e-02
-6.91925800405e-01 -6.47927819751e-01
9.52136395499e-01 5.71760714985e-01
8.99844451807e-01 2.58994183503e-01
-1.91555829719e-01 -8.13665565103e-01
-7.16285495088e-01 3.61722959206e-02
8.79060997628e-01 4.11018839106e-01
6.71805122867e-01 1.75928013399e-01
-3.57475399971e-01 7.26119291037e-01
-8.50831943564e-01 -8.18134594709e-01
3.19191042334e-01 5.56669662707e-01
3.23815175332e-01 2.90638778359e-01
-3.24554144405e-01 -9.32122416794e-01
-8.39630304836e-01 -4.82589655556e-01
2.77830662206e-01 6.50590204634e-01
3.26406303793e-02 6.16257229820e-01
-5.87542606518e-01 2.94867331162e-01
5.61396378092e-01 3.35243518464e-01
2.16972949915e-01 -5.70694258437e-01
1.89316292293e-01 6.05157700367e-01
-9.22964009456e-01 9.16945836507e-01
6.92985537462e-01 6.52844939381e-01
1.45770915784e-01 4.35546242632e-01
-1.09217429534e-01 3.18685118109e-02
7.86862898618e-01 -3.31270501949e-01
4.22788672149e-01 2.10321345367e-01
-4.15946759284e-01 8.22182857431e-01
-6.30124295130e-02 3.88737667352e-01
-1.03239909746e-01 3.32945036702e-01
-8.91910977662e-01 3.44894418493e-01
-9.41043719649e-01 -7.89931045845e-01
8.27014949173e-02 -5.29478990473e-01
-4.66224001721e-01 -8.41610382311e-01
-8.56935820542e-01 3.38914575987e-01
8.53108562529e-01 5.35427935421e-01
3.09516451322e-01 7.27980211377e-01
-9.98472129926e-01 -7.69940771163e-01
7.35713123344e-01 3.66185232997e-03
6.60094219260e-01 -7.59731719270e-01
-2.31706232764e-01 6.57644266263e-01
8.16431879066e-01 6.83208070695e-02
2.60026546195e-01 1.22939012013e-01
4.75218564272e-01 2.67165381461e-01
-4.14415022358e-01 -3.27353138477e-01
-7.53933634609e-01 -7.17279809527e-01
6.64783277549e-01 3.43381423503e-01
2.75152617134e-01 -4.99639885500e-01
-5.13688381761e-02 -9.61954944767e-01
5.60300271958e-01 8.31721944734e-01
4.82114735991e-01 4.46680686437e-01
9.00855679065e-02 3.52812977508e-01
-4.91861778311e-01 7.07601028495e-01
6.89374399371e-01 6.96083145216e-01
2.28329276666e-01 -7.18261394650e-02
1.87007078901e-01 -6.90947018564e-01
-6.72367346473e-01 -1.38743532822e-01
4.29334630258e-01 4.79861128144e-01
-4.08667193726e-01 -4.29082279094e-01
-4.03042572550e-01 -8.33903986961e-01
-9.50009626336e-01 -8.43814739026e-01
-8.89642422087e-01 4.32308468036e-01
-9.98379252851e-01 5.72571016848e-01
7.10710772313e-01 2.28321129456e-01
-4.38829192892e-01 -6.55816903338e-01
-8.63428777084e-01 -6.42112802714e-01
8.38277108967e-01 -9.11753077060e-01
3.45782741904e-01 -7.66423505731e-01
-8.54710349813e-02 7.01200264506e-01
6.27997713163e-01 -7.89596361108e-01
6.35333213024e-01 -7.66961360350e-02
-1.51207716204e-01 2.56894519553e-01
-2.52974127419e-01 -9.85122845508e-01
4.65859665535e-01 4.10683081485e-01
4.43876160309e-01 1.63903784007e-01
-7.04943947494e-02 2.47685362585e-01
-9.60358685814e-01 -7.51223302446e-01
3.21333686821e-01 5.31387663446e-01
3.61963368952e-01 2.49875814654e-01
-2.14881902561e-01 -1.25390173867e-01
8.48524721339e-01 -5.04124107771e-01
4.01804596186e-01 -7.52108120359e-01
3.77142456360e-01 -5.79380215146e-01
-3.81021682173e-01 -8.32880813628e-01
-8.58529741876e-01 -8.26658470556e-01
-2.10843933746e-01 8.33942502737e-01
-8.68578162044e-02 -7.33696191572e-01
-8.88809442520e-01 -2.18576419167e-01
7.93675883673e-01 2.53422158770e-01
-4.01676203124e-01 -1.92859418690e-01
-2.63348978944e-01 4.19097359292e-01
-8.72449919581e-01 -5.49135120586e-01
2.77113731951e-01 -9.78099334985e-01
-9.24558931962e-01 -2.64508632943e-01
5.17938239500e-01 -7.21163837239e-01
2.29914912954e-01 -5.47065606341e-01
-3.14060342498e-01 -2.23575237207e-01
7.63218184933e-01 -7.16885971837e-01
4.53644557856e-01 -5.49204470590e-02
-8.07557590306e-02 9.38801600598e-01
-8.90387667343e-01 6.29436770454e-01
6.94093888626e-01 6.57177602872e-01
1.73558853567e-01 2.25393435918e-01
-6.55737642199e-01 -2.59714412503e-01
7.85501815379e-01 -6.31451213732e-01
3.85078581981e-01 -7.81808643602e-01
-3.79457763396e-01 -4.02735034935e-01
-7.89277274162e-01 -9.16169882752e-01
6.30140033551e-01 6.72735348344e-01
6.39226685278e-01 -1.57060896978e-01
-1.31354499608e-01 -2.56015001796e-01
-7.10569491610e-01 9.27318742499e-01
8.88788823038e-01 -4.29812953807e-01
1.10478471965e-01 7.80739463866e-01
-4.55776837654e-01 8.07235714048e-01
-8.44634748064e-01 6.86151027679e-01
3.15742958337e-01 -7.07041896880e-01
-6.64106560871e-02 -3.17466314882e-01
-9.27114552818e-01 -1.60194179043e-02
5.26904579252e-01 -7.58581126109e-01
5.45453429222e-02 9.72029500641e-01
-2.55898944102e-01 6.20622522198e-01
-8.60645737499e-01 2.96779273078e-01
3.40177272446e-01 7.55225922912e-02
-1.51162555441e-01 8.14813657664e-01
5.43046462350e-01 8.45460888930e-01
1.97474665940e-01 -6.09858287498e-02
-3.48257800564e-01 -8.30868165009e-01
-3.31359030679e-01 -8.40341929346e-01
4.79451240040e-01 -6.35400887579e-01
-9.27701378241e-02 2.85068131052e-01
-8.85971199721e-01 1.43760710023e-01
-9.72902139649e-01 9.79258280247e-01
1.61084179766e-01 -6.35693508200e-01
-7.27314040065e-01 -8.97502301261e-01
8.00547756255e-01 -2.84824265167e-01
9.44183498621e-01 -6.26381772570e-01
-4.00223907083e-01 -6.41501666978e-02
-7.93045251630e-01 -6.01678237319e-01
6.91146682017e-01 9.50574773364e-01
6.83599569835e-01 -5.54823312908e-01
-2.21854851581e-01 8.50521381013e-01
-5.53150800988e-01 -5.83045419306e-01
9.50350521132e-01 1.30215293728e-01
9.33734125458e-01 9.57510859706e-01
-3.06741684675e-01 1.52235735208e-01
-8.23318934999e-01 -2.46589875780e-01
6.83021126315e-01 -9.83696758747e-01
3.54360651225e-01 -6.44699038938e-01
-6.04678491130e-01 -3.93900376745e-01
9.33347590268e-01 6.78419322707e-01
9.86822135746e-02 -3.89603739604e-02
2.09308438003e-01 -8.01359543577e-01
8.34441141225e-01 -2.78192808852e-01
3.50118047558e-01 2.80847324990e-01
-3.83305456489e-03 -6.08243140392e-01
-1.11894146539e-01 -1.93640200421e-01
6.86378981918e-02 9.48997284286e-01
-2.84113561735e-01 6.93463179283e-01
-2.80377401039e-01 9.45170083083e-01
8.74629300088e-01 3.66052648053e-01
1.29475421272e-01 -4.09790672362e-01
-7.30945260264e-01 -5.33645143732e-02
-7.13885524310e-01 -1.27449207008e-01
9.25465236418e-01 -2.52222959884e-01
-3.53652630001e-02 -3.83894123137e-01
-9.16713097133e-01 -7.84968792461e-01
-9.00805848651e-01 -7.98414983787e-01
7.41573832929e-01 3.36685303599e-01
-7.83004845493e-01 -5.16176930629e-01
-7.96900212765e-01 5.88222448714e-01
-8.19568607956e-01 -6.50412938558e-01
3.57694190927e-01 4.63296207599e-01
7.78728712350e-01 9.15826094337e-01
4.38862335868e-01 7.71567940712e-01
4.22246048227e-01 -9.57396299578e-01
-3.92147717997e-01 2.29848185554e-01
5.79433809035e-01 2.90792803280e-01
4.71156276762e-03 5.98969313316e-01
2.41278969683e-01 -6.56572066247e-01
-3.40418525971e-01 -2.93069112115e-01
6.00951685570e-01 8.68736159988e-01
-1.63829609752e-01 7.95095349662e-01
-1.98130886070e-01 -9.54629214481e-01
-5.24155489169e-01 -1.73070838675e-01
8.54483001865e-01 -7.92651711963e-01
-1.49328671396e-02 -3.19596245885e-01
-1.23882902786e-01 -9.72774331458e-01
-9.19116150588e-01 -4.39071130008e-01
-2.75373680517e-01 -6.76423651166e-01
-3.63674862310e-01 -7.45798495598e-01
8.42419495806e-01 6.69990768656e-02
2.71359123290e-01 -1.28870662302e-02
-7.02320304699e-01 3.64602301270e-01
-5.54927472956e-01 1.80745637044e-01
9.77019547485e-01 -8.48734285682e-01
4.12267970853e-01 -5.95089592971e-01
-9.24818213098e-01 1.08499181457e-01
-9.81418174691e-01 8.74201981351e-01
5.35672094673e-01 -1.46640861407e-01
2.40080192685e-01 6.03228895925e-01
-8.45039714128e-01 9.75202215835e-01
8.23726870120e-01 5.17162633128e-01
3.60104496591e-01 9.88609489985e-01
-2.05995745026e-01 3.20166986436e-01
4.79767909274e-01 8.17229648121e-01
8.97938050330e-02 -8.09769365937e-01
-4.23672543839e-01 5.64121304080e-01
-9.44157877006e-01 6.11286315136e-01
3.62500986084e-02 -7.10092969239e-02
1.44537887536e-01 9.40936533734e-01
-3.49542996846e-01 4.91856902838e-01
8.65030166693e-01 -3.91918439418e-02
-1.34396914393e-01 -6.61897347309e-01
-2.15395863168e-01 4.89040460438e-01
-5.39436372928e-01 2.85664722323e-01
8.75167756341e-01 8.79686005414e-01
-1.21583758853e-01 -9.49145558290e-01
-4.18247204274e-01 -4.74657405168e-01
-9.60032330826e-01 2.52312179655e-02
7.44027352892e-01 -4.57250041887e-01
9.06988617964e-01 -1.17153956555e-01
2.20120562240e-01 -2.33414774761e-01
-1.14403476939e-01 9.69423380680e-01
-9.12198826671e-01 6.80974012241e-01
2.38594844937e-01 7.81555990689e-01
-7.38809694536e-01 -1.36003591120e-01
-7.83040246926e-01 -6.72116257250e-01
6.52557448484e-01 -2.79864864424e-01
2.63857582584e-01 -9.56745932810e-01
-4.29139770567e-01 -4.92015714757e-01
-7.22439471632e-01 -7.79549600556e-01
7.82948878594e-01 -7.08645412698e-01
-9.41626294516e-01 1.58493601717e-01
-8.58041911386e-01 -2.48279863968e-01
5.65215392970e-01 -5.03325062804e-01
9.92294428870e-02 -6.15525584668e-01
-6.38403321616e-01 -6.93671689369e-01
8.97204640321e-01 6.11598717049e-01
3.16360242665e-01 -4.59279658273e-01
-1.75473664887e-01 -4.82623082586e-01
8.79670538940e-01 9.08141388558e-01
5.78582873568e-02 6.73195329495e-01
-2.06120116636e-02 1.76198086701e-01
-6.24632980675e-01 4.29015562870e-01
-7.87329192273e-01 6.47525964305e-01
3.60449240543e-01 -5.13929790817e-01
3.16239083186e-02 9.14722335525e-01
-4.58834718913e-01 -8.53977116756e-01
-9.28775620647e-01 3.72555851936e-03
-1.23904268257e-01 1.83270665817e-01
-6.65894521400e-01 1.73046005890e-01
8.53380954824e-01 8.83164294064e-01
1.88036107458e-01 4.18048358522e-01
-4.23214565963e-02 2.11977262050e-01
-5.07501421496e-01 -9.52104006894e-01
3.65963225253e-01 -6.25507134013e-01
-3.44137001783e-01 -6.28278236836e-02
-8.48958620802e-01 4.86986864358e-01
6.63728133775e-01 3.89042900875e-01
5.49553298391e-01 -5.82700226456e-01
-4.11874165758e-01 6.68060741387e-01
-3.42066545971e-01 -1.55427406542e-01
8.61606295221e-01 2.86215897650e-02
1.98483486660e-01 -3.18835717626e-01
7.10728929378e-01 -9.34045514092e-01
6.10800745897e-01 4.52490287833e-01
6.23001744971e-02 -7.97152690589e-01
4.26635391079e-01 3.97939405404e-01
8.92636121251e-01 3.20925842971e-03
7.18261002563e-01 3.38780237362e-02
1.35352252051e-01 9.27862831391e-01
-9.00797449984e-01 4.47735505179e-01
4.17712269351e-01 6.73742764629e-01
-1.13852238283e-01 4.20344118960e-01
-8.84248238988e-01 -8.99897812866e-01
-7.11933511309e-01 3.91478396021e-01
3.58389457688e-01 -5.09938097559e-01
4.15646278299e-01 6.37608565390e-01
-4.96616519988e-01 -4.71017234959e-01
9.99638985842e-01 8.61727873795e-01
3.47557040863e-01 -5.05792555399e-01
-6.55753392726e-01 9.89748167805e-01
9.52558343299e-01 4.52917850576e-01
-8.16475655884e-01 -8.40844267048e-01
-7.86894662306e-01 9.18374809437e-01
4.79825598188e-01 -6.00375156850e-01
-6.59064808860e-02 -7.18800703064e-01
-6.73916265368e-01 2.11390824057e-01
-9.62648341432e-01 -4.26761637442e-01
3.33766967058e-01 6.09636735171e-01
-1.32769693621e-01 -3.16244419664e-02
-4.84758575447e-01 -1.01270093583e-01
-5.30366354622e-01 4.48818908073e-01
9.29609401152e-01 6.18803800084e-01
-1.81200422347e-01 4.86049892381e-01
-7.29481557384e-01 7.42534639314e-01
9.19007834047e-01 -7.73888638243e-01
-1.27347844653e-01 -6.73024343327e-01
2.54807807505e-03 9.89974467084e-01
-2.89855218492e-01 7.33759873547e-01
8.55005317368e-01 -9.50474065728e-01
2.78805851005e-01 -7.57930007763e-01
-3.02980918437e-01 9.11150589585e-01
-7.63039778918e-01 3.14304756932e-01
-1.08212428167e-02 -4.76759328507e-01
-2.88773708045e-01 3.12975540757e-01
-1.14018164575e-01 -7.82817948610e-01
-5.68612284027e-01 6.50239156559e-01
1.33023584262e-01 -9.04470848851e-01
-6.32025856525e-01 7.76675559580e-01
5.97516464069e-01 -2.46884962544e-02
2.05086341128e-01 7.75113077834e-01
-6.32746223360e-01 -7.77683519758e-01
6.00421764888e-01 -6.05971566401e-01
9.56890566275e-01 -4.00757670403e-01
4.44917562418e-01 -3.78698626533e-01
1.07201588340e-01 7.45432050899e-02
-2.50874987803e-01 -3.68356902152e-01
-6.12946448848e-01 -3.53057314642e-01
5.65409542061e-01 -8.88027561828e-01
6.94718125276e-01 8.66519177333e-01
-1.89898069948e-01 -8.86719714850e-01
-3.11230362393e-01 -3.01835269667e-01
8.43741667457e-01 -6.80041617714e-01
8.57838525437e-01 -7.98213813454e-01
2.19685136341e-01 7.50736145303e-01
-3.20498314686e-01 -5.14181090519e-01
-9.51849473640e-01 9.99040557072e-02
-1.72846439295e-01 -1.46766414866e-01
2.85174150020e-01 -3.13347382471e-02
-5.31375464052e-02 5.73352699168e-01
-6.61814050749e-01 -2.68661718816e-01
4.25562051125e-01 4.80843308382e-01
-6.44507996738e-01 -5.03298686817e-01
9.62819942273e-01 4.26191239618e-01
6.34922411293e-01 -1.11357065849e-01
-6.07626474462e-01 -4.27952714264e-01
-9.32135842741e-02 9.87598807551e-01
-9.69438717701e-01 3.90662429854e-01
9.51852479018e-01 2.04772856086e-01
-4.68081247993e-01 -4.47079694830e-01
8.90926484019e-01 -9.37764435075e-01
6.57903198153e-02 -2.76935656555e-01
-2.00705691241e-01 2.53906958736e-01
5.30904508196e-01 3.75393578783e-01
-9.59714725614e-01 4.31369903497e-01
6.50741657242e-01 -6.80028463714e-01
1.10976099968e-01 5.06163910031e-02
-4.92118216120e-01 -3.65076914430e-01
-5.38063316606e-01 2.83035019413e-01
8.81802708842e-01 -6.10795011744e-02
8.63264583051e-01 -4.46368011646e-01
9.72927324474e-01 9.16605542414e-01
4.26274505444e-01 -3.46526121721e-01
8.29398160800e-01 8.55712861754e-01
9.79633461684e-02 -6.70256861486e-01
4.68692025170e-02 1.40892704949e-01
-2.62956945226e-01 -7.27417103946e-01
-9.96816826984e-01 5.76204679906e-01
7.09103850648e-01 2.61811668053e-01
3.09066902846e-02 -7.49941156246e-01
-4.54840468243e-01 -4.23823500983e-01
-6.74097194336e-01 5.06406051107e-01
7.79766414315e-01 -4.98909280635e-01
-3.19361590780e-01 3.13837669790e-01
7.70943066105e-01 9.58783057518e-01
6.39257124625e-01 -5.95652275719e-01
-1.78640807047e-01 6.43837573007e-02
-3.54457531124e-01 -5.70897301659e-01
8.19315204397e-01 3.59165861271e-01
9.61206292734e-01 -1.65447603911e-01
4.26163819619e-01 1.64970420301e-02
7.96508037485e-01 -7.62521605939e-01
4.05589800328e-01 -1.52272328734e-01
-1.96616176516e-01 3.87236983515e-01
-6.06082683429e-01 -8.10738652013e-01
7.53090729937e-01 -9.66668733396e-01
4.86543802544e-01 3.61157924868e-01
1.11616639420e-01 -2.95018981211e-01
-4.63519031182e-01 2.37275733612e-01
-9.19282419607e-01 -2.10187758319e-01
5.98274792545e-01 2.88696079515e-01
8.52708693594e-01 -8.23031889275e-01
4.67568199150e-01 8.12105647288e-01
3.79009273835e-01 4.82669484802e-01
1.67601119727e-01 8.79909943789e-01
5.28262434527e-02 -5.79783212394e-01
-3.07569687255e-01 -5.00826355070e-01
-6.35444369167e-01 7.33122471720e-01
-9.72155719064e-01 9.72832713276e-01
6.20960141532e-01 9.16496071033e-01
7.60612891987e-01 -1.50337351486e-01
-4.39254411496e-01 -6.49528741837e-01
-5.47403519973e-01 8.11597221531e-01
7.89686143398e-01 8.30484370701e-01
2.47604961507e-01 3.80459426902e-01
9.41090749577e-01 -1.23440422118e-01
6.84905577451e-01 2.63846611604e-01
1.43915723078e-01 5.14826046303e-01
4.09688576125e-01 -3.82951312698e-01
-8.20759218186e-01 -7.50213034451e-01
5.94718942419e-01 2.26041713730e-01
4.10760353319e-01 7.12864791043e-01
-7.26903556846e-01 -4.71324709244e-01
1.00688383915e-01 4.22610442154e-01
-4.01789359748e-02 6.89444774762e-01
-6.41406233422e-01 1.07469502836e-03
-2.82232522964e-01 2.75987038389e-01
2.81726452522e-01 -5.14233426191e-01
1.43665414304e-01 4.01205976494e-01
-2.83318754286e-01 -2.42790760472e-01
8.89094312675e-01 -9.83825900592e-01
-8.58500367031e-02 -6.43531990238e-01
8.79908771254e-01 -3.75051180832e-01
-5.51858276129e-01 6.57382586040e-01
-2.11325379089e-01 8.77077383921e-02
1.68734118342e-01 -9.97147411108e-02
-6.27710813656e-01 3.69905771688e-01
-3.68386449292e-01 1.50235188194e-01
-9.14945846424e-01 -7.90575636551e-01
-8.91698719934e-01 9.54217175022e-01
5.60272233561e-01 -1.15948757157e-02
9.49502350762e-01 -7.73534886539e-02
3.93597736023e-01 -8.88191081583e-01
-7.04877414741e-01 -4.18174518272e-02
9.92684339173e-01 7.06845750101e-01
1.36756220832e-01 4.43055374548e-01
-6.57657821663e-01 7.64564592391e-01
6.45959972404e-01 -7.76238578372e-01
-1.79981594905e-01 -8.23386492208e-01
7.36368075013e-02 -8.77021764405e-01
-4.72731283866e-01 -6.57099974342e-01
5.83989899606e-01 -1.80290159769e-01
2.79773026705e-03 3.59053315595e-01
-6.95617832243e-01 -2.88452229463e-01
9.70103991218e-01 6.01175354794e-01
-2.07984253764e-01 3.45902941190e-01
-5.43082141317e-01 -4.62363363244e-01
-3.62281316891e-01 5.87967622094e-01
-8.23472914286e-01 -9.04104025103e-01
1.54532766901e-01 -8.93130904995e-01
-3.69011492468e-01 1.96127714589e-02
6.10023602843e-01 4.80286755599e-01
1.20731332339e-01 5.57540102862e-01
9.48569727130e-01 -5.92694795690e-01
-6.94992583245e-01 -3.97048629820e-01
-3.49219022319e-02 4.03578793630e-01
2.52117191441e-01 -3.10670981184e-01
-6.79917842150e-01 -6.65350204334e-01
-2.72246265784e-01 6.63316741586e-01
-8.98890962824e-01 2.22063626163e-01
-4.36445062980e-01 9.65193361044e-02
9.05716485344e-01 5.24667161517e-01
-2.09276570007e-01 -7.33690460213e-01
2.85938302055e-01 -2.08914523013e-01
8.24328331277e-01 -3.79477784969e-01
-9.64948913082e-01 5.42646983638e-01
-8.83809475228e-01 -8.69396190159e-01
-4.22315014526e-01 3.78405797295e-01
4.03090997599e-01 3.36699236184e-01
3.50617580116e-01 -5.53969678469e-01
-3.24030784890e-01 4.75745621137e-01
1.37858491391e-01 -1.32058946416e-01
7.05893689767e-01 9.32951949537e-01
8.84286869317e-01 8.38384625502e-01
9.95103815570e-01 6.69013097882e-01
-5.45372759923e-01 9.26189300604e-01
-2.49572221190e-01 1.94701878354e-02
2.00710736215e-01 1.83870379813e-01
-9.40074522048e-01 -2.22271388397e-01
-3.91095863655e-01 -9.96548043564e-01
9.30390013382e-02 4.17939513922e-01
2.79731812887e-01 8.68284022436e-02
3.21771154180e-01 9.40326754935e-01
-8.19438081235e-01 -5.74617221951e-01
-2.69646692090e-01 3.95689122379e-02
-5.16046913341e-01 -2.03760576434e-01
-3.88741968200e-02 4.15168989450e-01
2.98438526690e-01 -7.27625869215e-01
7.35322616063e-01 -3.56160862371e-01
-2.68052321859e-01 -2.30135664344e-01
4.97035346925e-02 2.46767662466e-01
5.90923015028e-01 3.95770499483e-01
9.35917342082e-01 8.13872896135e-01
-1.93797015585e-01 4.67775358818e-01
3.26940158382e-01 6.65033754893e-01
-8.49812368862e-01 5.32979303971e-02
-6.58137037419e-01 -4.03492741287e-01
-9.01068129577e-01 -8.42207858339e-01
-7.07043828443e-02 -9.04740549624e-01
4.63072790764e-01 3.61784757115e-01
9.79916514829e-01 -6.99328819290e-01
-3.20559192449e-01 -7.78499869630e-02
1.88089809380e-01 1.23554686084e-01
6.03193963878e-01 -8.69705639780e-02
-9.55239842646e-01 -3.47689420916e-01
9.98086149804e-01 4.80488465168e-01
-6.55864622444e-01 5.96449884586e-01
-1.60008155741e-01 6.97342538275e-01
3.46355831251e-01 -9.98398013413e-01
-9.42247631960e-01 1.03341977112e-01
-8.99185761809e-02 7.84492268227e-01
3.92832693644e-01 1.62044515833e-01
8.85974186473e-01 3.71934458613e-01
3.15301356837e-01 2.95659240335e-01
-7.60812770575e-01 -4.25135443918e-01
-4.64089049958e-01 -4.39871131442e-01
1.96959106252e-01 -9.57276231609e-01
-1.39452554286e-02 -2.98273798078e-01
3.74880447984e-01 -7.18462550081e-01
6.71366071329e-01 -5.09043531492e-01
-7.95114602894e-01 7.17313802801e-01
9.12139983848e-02 9.10752637312e-01
8.77430339344e-01 -2.58998650126e-01
-5.00083019026e-01 3.90044881962e-01
-6.20159250684e-01 1.74166457728e-02
2.50267173164e-01 2.61017708108e-01
7.69357348792e-01 7.46272016317e-01
-3.43165367842e-01 5.38406465203e-02
-4.91028456017e-01 -8.17564396188e-01
-4.08963542432e-02 3.40614076704e-02
2.94720193371e-01 7.98420906998e-01
8.64188197069e-01 -6.44131837413e-01
-1.19969407097e-02 -6.17138386704e-01
1.50452246889e-01 7.17711547390e-01
6.43915127032e-01 6.53653860092e-01
-9.62641949765e-01 7.19839355908e-01
-6.12042222172e-01 -1.15818651393e-01
-3.29899168573e-01 8.11536322348e-01
1.51798893698e-01 8.61481382512e-01
6.99364013039e-01 6.07443028130e-01
-6.35599138215e-01 8.18929017521e-01
-4.77342817932e-01 -1.39821660705e-01
6.87764436007e-02 1.99988585897e-01
9.31208641268e-01 -4.74683615379e-01
8.70079263113e-01 9.64153935201e-01
-9.55941108987e-01 -7.08445215598e-01
-4.71881011501e-01 7.92643035762e-01
6.74334885553e-02 -7.60858605616e-01
-9.63954528794e-01 3.52338402532e-01
2.91076725349e-01 -6.35767654516e-01
2.55782559514e-01 1.09003990889e-01
8.59741977416e-01 4.19614638202e-01
-3.40356365778e-01 -5.68155019544e-01
9.43402151577e-01 9.87623335794e-01
-6.99780013412e-01 6.32544113323e-01
3.44260063954e-01 -1.71960504726e-01
-2.03999690711e-03 4.88536552526e-01
8.53538422845e-01 4.37812963501e-01
-3.38856080547e-01 4.67847632244e-02
-3.01985765807e-01 -4.29279373027e-01
2.63699591160e-02 1.18869250640e-01
3.04552374408e-01 -2.79080294073e-01
8.18757306784e-01 8.03100068122e-01
1.45207082853e-01 8.68848509155e-01
4.45257852785e-01 -1.36139692739e-01
6.47600417025e-01 -6.35960178450e-01
-9.43230453879e-01 -3.94052174874e-01
-9.29029216059e-01 5.02849534154e-01
-9.68576921150e-02 3.03798931651e-01
1.82851590216e-01 -9.16826594621e-01
5.43451641686e-01 2.63026170433e-01
-4.72125071101e-01 4.68842282891e-01
1.69575473294e-01 -4.69285474159e-01
7.43547203019e-02 -9.41295735538e-03
9.23877110705e-01 -5.49106337130e-01
7.87915874273e-01 1.61512151361e-01
-7.29832014069e-01 7.12469626218e-01
-4.83228026889e-01 7.78020554222e-01
6.30128253251e-02 6.04123407975e-01
-5.52540333942e-01 -5.41684785858e-01
-1.92635611631e-01 -5.69957966916e-01
2.58178474382e-01 -6.58113748766e-01
-8.25218795799e-01 1.53127033263e-01
-2.71569416858e-01 -3.58805958182e-01
1.79643518291e-01 -7.64175681397e-02
-7.10191094317e-01 9.10894153640e-02
3.30026370473e-01 -9.54291448928e-01
-8.72055466287e-01 -4.78957009502e-01
4.61323881522e-01 5.43455268256e-01
-4.16481130756e-01 4.57835222594e-01
-8.12637414783e-02 4.53575476073e-01
4.97581408359e-01 -6.86957989819e-01
9.97884971090e-01 1.38340818696e-01
8.86566130444e-01 -5.39099933580e-01
-1.17816329934e-01 -9.75832227618e-01
4.54517747276e-01 6.05201336555e-01
-9.88151410595e-01 5.59628225863e-01
-7.86166973412e-01 8.70821457356e-01
-7.95239176601e-01 -2.12665990926e-01
-4.01695986278e-01 -8.28873890452e-01
1.12928735092e-01 -4.99706934206e-01
6.11121810041e-01 1.71953193843e-01
-4.22452520579e-01 6.73686437309e-01
4.05402711593e-01 -4.96811124496e-01
6.75938053057e-01 -5.54149398580e-01
-8.31889766268e-01 8.77565149218e-01
-8.49807044491e-01 -7.32230170630e-01
-2.97823659144e-01 -9.84605084173e-01
5.50601538271e-02 -9.47808923200e-01
1.49268506095e-01 3.46002712846e-01
-8.00976956263e-01 3.04925945587e-01
-4.43242613226e-01 -7.22449449822e-01
3.65173931234e-01 6.64864567108e-01
7.70700124092e-01 -5.41847378016e-01
-6.83380987495e-01 -9.25875293091e-01
1.26944786869e-01 -2.52966756001e-01
-7.65006666072e-01 8.18676126190e-01
6.46093676798e-01 -7.29836642742e-01
-8.06053845212e-01 7.59874572046e-01
-4.38311981037e-01 4.92636567913e-01
1.07547870837e-01 -6.52935679071e-01
-8.72601456940e-02 -9.35382330790e-02
4.92171287537e-01 4.82538139448e-01
9.94008016773e-01 -4.59798550233e-01
-7.08178963512e-01 -5.81430176273e-01
-1.05898959562e-01 1.51789095253e-01
2.84163873643e-01 -6.38224531896e-01
8.61106850207e-01 -3.41988558881e-01
-3.69078326970e-01 1.91012470052e-01
-9.58174717613e-01 8.89436962083e-01
-3.82194939069e-01 -3.19238273427e-01
3.86788883246e-01 -4.52435025945e-02
9.50560349971e-01 6.98827161454e-01
-4.27381210960e-01 -7.20109372400e-01
4.03030171990e-01 9.11736401729e-01
