6.76687515341e-01 -3.23272402398e-01
-1.79290363565e-01 -8.65928167477e-02
5.37580560893e-01 -1.22035286389e-01
2.41092350334e-01 8.07589272037e-01
-1.18644687347e-01 7.85797311924e-01
-9.69579951838e-01 -6.09149510972e-01
7.92185593396e-01 7.31845594943e-01
8.09499591589e-01 1.20397980325e-01
7.05441225320e-01 -7.62740924023e-01
-1.60526453517e-01 -1.13813830540e-01
5.95154706389e-01 3.87947626412e-01
-2.23525692709e-01 -1.28046371043e-01
-4.60145487450e-01 -4.66178826988e-01
-8.43014709651e-01 7.67562189139e-01
6.15665413439e-01 -6.55004860833e-01
6.94971125573e-01 4.87549034879e-01
-6.03670235723e-01 -9.15047026239e-01
6.06961064041e-01 6.15363970399e-01
2.97873864882e-01 4.55044819042e-01
-9.65905297548e-01 -3.53449484333e-01
6.42754799686e-01 -9.98865739442e-01
7.56023172289e-02 4.52529408969e-01
-4.44537644275e-01 -3.77945019864e-01
-3.08944927529e-02 3.38495668955e-01
-9.08084303141e-01 2.93270450085e-01
-1.97555077262e-01 -2.93484723195e-01
-5.03918651491e-01 -6.82799031958e-01
-1.22574019246e-01 -7.01409569941e-01
-9.01911815628e-01 -8.24163259938e-01
9.59970895201e-01 3.34432348609e-03
3.78968117759e-01 2.23751019686e-01
3.21921911091e-01 3.79998306744e-01
-2.12727745064e-01 7.79378972948e-01
6.44024170004e-01 -1.82888306677e-01
-1.77746396512e-01 7.64854300767e-01
-4.34324050322e-01 -8.10165182687e-01
-8.97460515611e-01 -3.22716655210e-01
8.10945892707e-01 -1.32065555081e-02
4.48921289295e-01 -2.66240865923e-01
6.48005237803e-01 1.56089483760e-01
1.69764738530e-01 6.20294840075e-01
6.11182873137e-01 8.06997261941e-01
5.10090440512e-02 7.05141546205e-01
-3.45733184367e-01 -3.31105931662e-01
-8.31390457228e-01 -9.26571547054e-01
6.22623804957e-01 9.15211406536e-01
2.72185904905e-02 -8.01738517359e-01
9.72610905766e-01 2.35970847309e-01
5.16333053820e-01 9.98976427130e-01
2.87465896457e-01 -1.27976679243e-01
-5.28163649142e-02 1.10441098921e-01
3.29920029268e-01 -1.01005227305e-01
8.86362791061e-02 7.87971502170e-01
-4.47488701902e-01 -4.26686895080e-01
-5.33316224813e-01 -7.68928924575e-01
-6.30167249590e-01 1.21273543686e-01
-2.36591023393e-01 -4.32431045920e-02
-5.06317741238e-01 -5.96093888395e-01
-7.74376815185e-01 9.80428867042e-02
-9.57162829116e-01 -8.86408586055e-01
9.55964738503e-01 5.29828908853e-01
3.78553620540e-01 2.59218923748e-01
1.76714518107e-01 7.03524283133e-01
-3.14955286682e-01 7.89694148116e-01
6.26489497721e-01 -4.19150786474e-01
-1.34200870991e-01 8.09580325149e-01
-4.05548757873e-01 5.42298542336e-01
-5.75227912515e-01 8.95917308517e-01
8.16329332069e-01 3.88402021490e-01
2.79173947871e-01 -4.77445103228e-01
2.27401825599e-01 4.86532412469e-01
5.31732141972e-02 4.28064886481e-01
5.60056670569e-01 3.80173830315e-01
1.87504068948e-01 4.22883242369e-01
-4.19574947096e-01 8.05131728761e-01
7.95127376914e-01 3.47147580236e-01
6.63925700821e-01 -3.22828033008e-01
-1.81970381178e-01 -9.36706718057e-02
7.05674349330e-01 -2.59942216799e-02
-3.48630071618e-01 8.70979986154e-01
4.84828985296e-01 6.42050678842e-01
-1.23804083094e-01 3.87814410031e-01
-7.22663315944e-01 3.90396293253e-01
4.37808243558e-01 -4.31164745241e-02
-7.51547254622e-02 -4.67502007261e-01
-6.28432838246e-01 4.50777450576e-01
9.48695161380e-01 -2.88046205416e-01
-2.03088589944e-01 3.35190890357e-01
-2.98326492310e-01 -3.24423079379e-01
-5.68805134855e-01 -2.65384084545e-01
5.19850238226e-01 -6.94712128490e-01
6.17217543535e-01 8.20336194709e-01
4.01602732018e-02 7.02129873447e-01
-9.92187159136e-02 -8.24773635715e-01
-9.37288279645e-01 1.38910464942e-01
8.22659097612e-02 -4.01099819690e-01
-1.51061053388e-01 1.88285652548e-01
-2.94983007945e-01 3.59461937100e-01
-8.74309993349e-01 2.42043629289e-01
7.55368020386e-01 -8.02521460690e-01
4.59484774619e-01 -2.18908213079e-01
2.44493290782e-01 -6.52227423154e-01
-2.55105404183e-01 -9.31835109368e-01
7.96777927317e-01 2.48560572974e-01
1.44428765401e-01 7.16580254957e-01
-8.70127389207e-02 2.58703153580e-01
-8.75765106641e-01 9.07859057188e-02
7.17479608953e-01 2.63545663096e-01
-2.43957811967e-01 2.62987021357e-01
7.10107549094e-01 -2.03327085823e-01
2.24081666209e-01 -1.13442353904e-03
-8.25360773131e-01 -8.76199314371e-02
-8.52678921074e-02 -4.37913886271e-01
-6.30883956328e-01 5.24174516089e-01
7.62675774284e-01 -8.84375401773e-01
-3.06832324713e-02 -9.52649140731e-01
-7.35556483269e-01 -9.11328165792e-01
9.66537622735e-01 -5.44340456836e-01
-2.68626347184e-01 4.21160549857e-01
-5.55552745238e-01 -4.07405208796e-01
-9.08161602914e-01 -5.12056692503e-01
5.13211482204e-01 1.55831474811e-01
3.01366033964e-01 1.33224284276e-01
1.06077710167e-01 2.35618933104e-01
-1.23449849896e-01 -3.82950345986e-01
-9.05381199904e-01 3.71481645852e-01
-2.28520817123e-01 -6.43955375068e-01
-4.33833030052e-01 5.26572600938e-01
-3.08472408913e-01 -4.22947760671e-03
-8.64917445928e-01 -8.29526211135e-01
9.09414113499e-01 -9.67146622017e-01
6.72060646117e-01 -7.67900140025e-01
1.54272019863e-02 -1.06625439599e-01
-2.72733332589e-01 6.22003534809e-01
3.90936176293e-01 -9.78250419721e-02
1.44558019005e-01 9.56710352562e-01
-1.84201644734e-01 8.41448545456e-01
-7.28098341264e-01 5.71563428268e-01
-7.71800309420e-01 8.63855101168e-01
-1.47928272374e-01 -9.13332553580e-01
6.10994962975e-01 -4.39807360061e-01
7.63857364655e-03 -8.97771403193e-01
-9.76042542607e-02 9.87666333094e-02
9.16019125842e-01 8.51737832651e-01
-6.99775138870e-01 2.42586728185e-01
9.93810120039e-01 6.78859583102e-01
3.37711512111e-01 2.42290913127e-01
-7.33117328025e-01 -7.95131276362e-01
8.71108185500e-01 9.91866865195e-01
-4.84905404970e-01 3.51615712978e-01
-8.49136061035e-01 -3.92082836479e-02
-7.53299178556e-01 -8.93231885508e-01
5.57631872594e-01 -6.83652053587e-01
4.78557021357e-01 4.53420666978e-01
-4.30662488565e-01 -2.48491115868e-01
-6.33906852454e-02 4.64597447775e-01
-5.23991046473e-01 9.08830411732e-01
-1.71469588764e-01 7.31287486851e-02
-7.48800675385e-01 -3.46699710935e-01
-6.30344131030e-01 4.09366820939e-01
-8.40054113418e-01 -3.70933954604e-01
5.27421243489e-01 -9.20164287090e-02
2.00669412501e-01 -9.31490353309e-01
7.95139344409e-02 -9.34765088372e-01
-3.91569364816e-01 -6.31261104718e-01
4.67728430405e-01 5.71907239035e-01
-1.16537209600e-01 -1.44854572602e-01
-1.11765683629e-01 1.19433489628e-01
-7.07092309371e-01 -7.44590008631e-01
-7.51059920527e-01 4.55207607709e-01
6.32985077798e-01 -6.16123028100e-01
-4.08477400430e-01 2.84787593409e-01
-8.90869718045e-01 -7.33700426295e-01
6.14225738682e-01 2.58515262976e-01
1.84776661918e-02 7.06357565708e-01
-8.72918898240e-01 7.48226837255e-01
8.30719613470e-01 1.12304459326e-01
-6.94993765093e-01 -1.78218538873e-01
9.39030282199e-01 4.02457967401e-01
-3.89554477297e-01 4.48112316430e-01
5.06164716557e-01 8.71521368623e-01
1.06743136421e-01 3.83246703073e-01
-4.49098166078e-01 9.43260803819e-01
-7.25187247619e-01 -7.29553801008e-01
-5.54541117512e-01 2.84669740126e-01
8.03727017716e-01 -5.67659454420e-01
4.95127820410e-01 -4.08716086298e-01
2.02188014984e-01 -4.97704778798e-01
-8.19962000474e-01 -3.14126851968e-01
7.43759929202e-01 -4.60810501128e-01
1.66574213654e-01 -9.69770370983e-01
-7.43493651971e-02 -7.88489012048e-01
-3.93707053736e-01 4.82532205991e-01
-5.80924250185e-01 -1.36774363928e-01
5.30226109549e-01 -4.82925998978e-01
3.45528994687e-01 -4.99734271318e-01
-5.46657975763e-01 -7.02048779465e-01
7.68790093251e-01 -1.67215809226e-01
4.40187715925e-01 -3.78658053465e-01
2.35146477818e-01 8.40239266865e-01
