6.76687515341e-01 -3.23272402398e-01
-1.79290363565e-01 -8.65928167477e-02
5.37580560893e-01 -1.22035286389e-01
2.41092350334e-01 8.07589272037e-01
-1.18644687347e-01 7.85797311924e-01
-9.69579951838e-01 -6.09149510972e-01
7.92185593396e-01 7.31845594943e-01
8.09499591589e-01 1.20397980325e-01
7.05441225320e-01 -7.62740924023e-01
-1.60526453517e-01 -1.13813830540e-01
5.95154706389e-01 3.87947626412e-01
-2.23525692709e-01 -1.28046371043e-01
-4.60145487450e-01 -4.66178826988e-01
-8.43014709651e-01 7.67562189139e-01
6.15665413439e-01 -6.55004860833e-01
6.94971125573e-01 4.87549034879e-01
-6.03670235723e-01 -9.15047026239e-01
6.06961064041e-01 6.15363970399e-01
2.97873864882e-01 4.55044819042e-01
-9.65905297548e-01 -3.53449484333e-01
6.42754799686e-01 -9.98865739442e-01
7.56023172289e-02 4.52529408969e-01
-4.44537644275e-01 -3.77945019864e-01
-3.08944927529e-02 3.38495668955e-01
-9.08084303141e-01 2.93270450085e-01
-1.97555077262e-01 -2.93484723195e-01
-5.03918651491e-01 -6.82799031958e-01
-1.22574019246e-01 -7.01409569941e-01
-9.01911815628e-01 -8.24163259938e-01
9.59970895201e-01 3.34432348609e-03
3.78968117759e-01 2.23751019686e-01
3.21921911091e-01 3.79998306744e-01
-2.12727745064e-01 7.79378972948e-01
6.44024170004e-01 -1.82888306677e-01
-1.77746396512e-01 7.64854300767e-01
-4.34324050322e-01 -8.10165182687e-01
-8.97460515611e-01 -3.22716655210e-01
8.10945892707e-01 -1.32065555081e-02
4.48921289295e-01 -2.66240865923e-01
6.48005237803e-01 1.56089483760e-01
1.69764738530e-01 6.20294840075e-01
6.11182873137e-01 8.06997261941e-01
5.10090440512e-02 7.05141546205e-01
-3.45733184367e-01 -3.31105931662e-01
-8.31390457228e-01 -9.26571547054e-01
6.22623804957e-01 9.15211406536e-01
2.72185904905e-02 -8.01738517359e-01
9.72610905766e-01 2.35970847309e-01
5.16333053820e-01 9.98976427130e-01
2.87465896457e-01 -1.27976679243e-01
-5.28163649142e-02 1.10441098921e-01
3.29920029268e-01 -1.01005227305e-01
8.86362791061e-02 7.87971502170e-01
-4.47488701902e-01 -4.26686895080e-01
-5.33316224813e-01 -7.68928924575e-01
-6.30167249590e-01 1.21273543686e-01
-2.36591023393e-01 -4.32431045920e-02
-5.06317741238e-01 -5.96093888395e-01
-7.74376815185e-01 9.80428867042e-02
-9.57162829116e-01 -8.86408586055e-01
9.55964738503e-01 5.29828908853e-01
3.78553620540e-01 2.59218923748e-01
1.76714518107e-01 7.03524283133e-01
-3.14955286682e-01 7.89694148116e-01
6.26489497721e-01 -4.19150786474e-01
-1.34200870991e-01 8.09580325149e-01
-4.05548757873e-01 5.42298542336e-01
-5.75227912515e-01 8.95917308517e-01
8.16329332069e-01 3.88402021490e-01
2.79173947871e-01 -4.77445103228e-01
2.27401825599e-01 4.86532412469e-01
5.31732141972e-02 4.28064886481e-01
5.60056670569e-01 3.80173830315e-01
1.87504068948e-01 4.22883242369e-01
-4.19574947096e-01 8.05131728761e-01
7.95127376914e-01 3.47147580236e-01
6.63925700821e-01 -3.22828033008e-01
-1.81970381178e-01 -9.36706718057e-02
7.05674349330e-01 -2.59942216799e-02
-3.48630071618e-01 8.70979986154e-01
4.84828985296e-01 6.42050678842e-01
-1.23804083094e-01 3.87814410031e-01
-7.22663315944e-01 3.90396293253e-01
4.37808243558e-01 -4.31164745241e-02
-7.51547254622e-02 -4.67502007261e-01
-6.28432838246e-01 4.50777450576e-01
9.48695161380e-01 -2.88046205416e-01
-2.03088589944e-01 3.35190890357e-01
-2.98326492310e-01 -3.24423079379e-01
-5.68805134855e-01 -2.65384084545e-01
5.19850238226e-01 -6.94712128490e-01
6.17217543535e-01 8.20336194709e-01
4.01602732018e-02 7.02129873447e-01
-9.92187159136e-02 -8.24773635715e-01
-9.37288279645e-01 1.38910464942e-01
8.22659097612e-02 -4.01099819690e-01
-1.51061053388e-01 1.88285652548e-01
-2.94983007945e-01 3.59461937100e-01
-8.74309993349e-01 2.42043629289e-01
7.55368020386e-01 -8.02521460690e-01
