91
214
178
15
9
174
130
213
8
56
230
165
165
220
122
79
190
76
148
219
117
216
236
38
215
77
47
255
223
172
207
184
217
236
59
23
86
166
138
180
65
90
56
253
185
112
23
202
175
224
58
145
145
41
244
98
37
145
53
34
80
146
219
45
106
127
10
148
91
74
101
173
145
109
17
64
7
76
211
223
3
161
83
254
202
91
167
180
89
90
25
233
253
109
173
256
127
48
219
105
193
75
213
166
256
77
221
235
178
127
103
199
139
34
182
202
113
44
201
12
102
92
143
209
110
240
198
10
101
38
25
241
27
84
105
13
105
78
99
222
194
216
20
76
219
86
23
60
232
107
173
177
103
35
160
245
29
148
248
142
76
95
137
54
122
129
106
178
211
95
125
187
67
124
101
104
136
4
69
79
43
83
208
43
53
146
17
192
34
188
186
51
77
47
138
62
246
88
141
43
154
14
66
22
151
165
238
65
51
219
185
39
107
16
44
221
129
140
10
234
145
143
249
122
53
240
251
70
138
150
36
29
136
93
96
105
206
91
134
20
112
94
161
119
52
158
252
186
57
7
131
88
13
14
219
225
252
174
141
194
109
163
155
199
188
71
255
73
36
190
240
98
114
124
248
89
139
178
26
88
195
223
6
108
221
129
27
66
62
134
54
21
222
85
5
46
224
61
102
198
57
80
86
223
195
139
129
230
183
251
43
86
149
174
89
76
97
4
52
140
17
120
6
152
94
253
202
39
227
139
213
157
40
151
219
15
162
79
147
32
242
207
30
57
247
76
136
92
189
138
14
256
170
23
202
140
43
251
61
37
98
243
56
115
52
158
240
194
47
150
236
197
191
128
214
183
185
55
71
87
4
71
250
85
236
244
89
167
35
107
109
189
168
90
129
239
111
167
250
217
38
255
116
177
180
46
185
171
45
197
55
232
145
235
193
38
43
31
74
181
101
14
36
99
137
119
193
247
43
234
208
85
184
38
156
233
220
222
71
247
182
85
65
202
238
197
30
14
93
125
164
195
25
148
198
145
141
90
239
251
124
123
190
26
242
79
48
133
195
27
203
53
215
14
214
62
43
78
27
141
110
181
140
171
141
33
9
56
140
138
236
235
142
152
167
37
8
128
182
154
45
35
82
120
167
187
122
206
142
57
208
213
100
149
22
116
146
71
227
23
35
204
81
229
30
91
256
33
207
103
55
123
250
128
249
218
8
202
23
91
193
256
159
210
162
120
126
116
92
249
95
196
111
249
230
195
20
123
215
136
196
168
10
162
219
255
233
160
55
42
46
179
17
168
232
18
207
193
141
227
129
221
112
93
129
194
16
46
137
254
145
251
33
103
242
179
184
64
157
160
143
86
15
116
193
180
43
112
80
18
234
63
41
170
223
150
186
48
219
81
91
156
90
79
92
141
27
24
172
147
74
243
141
219
178
189
104
136
46
213
246
90
205
85
170
70
113
122
198
93
67
248
42
200
56
82
77
217
84
32
19
75
98
44
11
228
75
165
150
67
105
226
1
132
155
38
245
129
110
213
82
101
201
167
86
225
143
130
170
90
81
117
232
123
252
69
140
239
35
11
90
206
178
79
209
139
30
4
155
201
27
75
93
188
208
8
106
169
13
228
170
185
192
118
72
142
71
203
218
206
153
124
186
165
131
100
71
201
62
225
208
83
221
34
160
9
215
25
83
138
255
244
250
156
118
22
98
24
140
48
57
90
141
251
99
74
170
4
233
80
145
254
229
211
51
58
62
30
40
180
101
231
27
209
250
11
236
76
199
122
240
45
208
119
168
214
132
6
151
146
211
88
186
48
91
215
63
33
212
256
77
155
237
118
157
75
6
62
32
29
27
194
39
202
23
52
74
168
69
50
1
239
72
42
156
140
106
36
160
100
242
71
243
88
199
49
252
52
195
25
146
231
137
247
15
162
251
169
68
140
3
20
246
161
238
55
123
133
198
59
128
229
173
17
122
66
110
131
180
68
10
209
218
76
166
210
252
29
229
183
74
107
73
137
254
26
50
152
230
196
129
221
112
256
12
57
82
233
201
16
84
33
233
20
88
100
169
42
239
104
170
29
178
33
124
150
137
107
181
38
236
229
251
73
110
75
77
152
58
148
206
221
4
228
17
78
203
68
29
56
70
67
245
119
84
46
241
186
108
101
156
105
117
52
202
131
237
249
13
230
121
93
41
89
98
160
56
26
18
204
51
180
129
178
143
102
101
63
52
131
192
241
244
53
176
16
182
125
255
69
