900
737
770
72
256
331
810
748
829
462
261
981
933
847
992
460
609
560
247
62
776
847
381
158
791
778
327
821
972
780
1002
925
192
149
586
679
264
271
16
469
72
804
406
594
926
481
229
264
729
842
447
441
705
99
989
473
805
918
319
393
197
911
485
780
816
16
528
1001
454
419
744
886
270
462
482
287
902
752
507
432
209
328
423
559
551
884
203
108
671
100
216
192
370
694
196
531
482
960
196
849
107
882
1007
238
882
239
323
128
81
915
78
349
172
456
964
604
815
295
268
48
511
957
85
589
413
995
438
112
244
870
381
348
656
900
557
802
663
622
34
162
621
103
596
175
428
719
284
1004
337
685
511
940
112
912
659
856
301
949
458
1008
216
87
419
2
428
600
327
567
833
775
1006
30
49
951
241
445
212
180
92
561
634
539
968
500
100
992
146
347
672
14
5
271
371
707
999
605
89
787
980
223
463
948
438
199
50
696
61
548
760
291
51
74
405
551
114
226
672
597
208
946
208
725
354
623
958
70
123
535
550
321
659
30
386
801
696
565
773
842
533
912
441
977
618
831
918
307
784
710
41
164
220
673
896
509
582
121
566
837
89
46
993
585
694
882
452
436
557
4
439
330
630
487
289
290
139
685
241
175
903
550
708
126
321
558
672
292
784
631
984
518
220
802
451
617
420
633
6
160
79
329
100
67
244
339
562
141
528
593
979
39
781
76
460
350
849
965
8
223
708
9
657
800
939
89
660
575
148
127
698
14
524
887
424
925
669
613
407
854
100
596
193
429
810
411
183
936
24
194
995
510
204
506
502
695
814
276
126
238
451
833
346
934
494
627
670
994
165
114
574
823
246
273
777
516
813
644
54
715
45
848
97
142
732
123
972
666
686
313
666
576
393
494
674
552
712
951
957
89
309
22
917
433
321
613
113
351
1002
582
752
672
971
887
959
521
767
706
1002
620
434
659
553
872
203
505
538
656
345
976
105
133
927
704
1018
246
631
772
34
864
866
79
501
81
761
324
18
532
609
841
977
45
784
144
845
661
999
960
865
434
6
942
969
912
1002
4
281
702
728
200
272
952
256
344
329
221
258
507
84
481
81
373
483
194
109
263
48
195
147
1002
15
535
835
762
656
723
447
698
535
829
389
596
730
785
910
133
1013
160
386
806
726
250
527
715
250
281
695
662
275
311
758
610
654
863
694
531
522
525
13
713
160
61
570
179
791
529
816
358
36
565
292
607
773
951
188
52
786
363
173
81
544
540
177
646
206
715
489
108
28
561
503
320
297
793
478
588
328
935
114
668
429
92
165
41
55
954
844
601
777
1002
26
609
330
610
372
898
68
472
339
181
994
30
894
100
966
927
404
848
718
398
890
785
517
480
258
11
775
706
743
887
331
526
825
796
14
218
231
103
177
994
596
462
258
633
788
40
41
499
732
597
756
298
572
619
294
988
675
235
150
494
995
563
867
448
178
1020
677
74
938
692
1003
555
456
883
778
557
969
220
677
176
623
654
83
238
742
276
41
236
57
647
838
758
212
236
302
91
976
454
944
163
907
681
658
492
544
39
231
217
738
716
419
88
270
344
344
237
238
401
737
423
239
527
275
507
900
848
985
607
71
519
689
214
685
1004
604
603
873
415
17
963
222
398
869
869
947
560
936
124
632
587
937
31
607
396
913
520
852
460
563
795
332
637
621
592
753
522
747
5
251
431
998
769
292
151
767
847
565
730
307
230
969
921
728
284
4
881
619
438
636
803
942
447
716
599
633
274
362
334
803
786
788
73
859
552
360
273
320
528
550
401
274
457
318
326
524
621
346
38
934
383
91
368
444
140
328
418
43
325
180
312
756
531
420
752
805
684
893
992
1002
61
130
579
770
916
406
575
292
971
753
493
880
866
688
339
416
479
23
884
377
38
558
987
702
764
48
308
344
990
511
384
329
79
543
11
582
1011
412
171
490
370
950
282
812
218
11
68
391
160
273
613
582
350
967
37
281
608
548
699
315
838
497
936
121
505
963
25
970
843
562
535
210
549
991
601
626
952
271
49
5
570
446
797
226
532
366
50
103
345
949
715
310
812
803
626
389
469
785
492
516
772
875
143
663
203
322
221
494
960
364
826
822
749
549
1021
274
916
249
693
259
504
128
288
484
1010
669
521
105
301
466
231
106
312
581
363
108
133
994
198
102
511
755
719
470
289
706
160
767
484
265
551
696
942
379
898
627
112
344
765
28
89
626
144
375
734
102
144
791
682
110
708
977
744
951
176
442
156
527
156
992
138
32
139
