86
362
475
379
289
339
244
177
54
247
58
92
443
275
42
80
67
148
287
238
474
491
154
112
504
426
172
236
4
491
259
423
264
157
420
374
9
14
457
493
21
142
117
196
25
274
44
142
323
133
338
441
277
201
73
129
364
27
84
165
263
321
377
307
319
132
181
363
378
328
460
98
471
270
244
218
369
398
433
257
161
169
393
62
280
393
76
191
169
158
104
360
214
235
400
3
43
136
367
208
94
196
499
10
465
91
274
168
209
477
473
236
239
299
504
444
51
15
232
3
23
130
484
345
198
503
152
385
342
422
499
344
477
467
205
357
77
134
400
122
372
200
152
380
229
31
321
215
6
415
215
259
180
156
379
308
92
250
212
63
265
76
267
324
162
421
252
242
387
145
268
94
318
460
30
403
414
217
472
198
133
268
6
482
123
95
241
410
385
274
431
438
499
346
115
275
510
96
113
190
143
340
122
247
9
222
23
114
344
167
304
455
403
76
200
373
252
440
305
480
221
277
219
502
420
218
298
489
27
503
27
7
279
493
294
281
258
90
308
466
34
199
78
95
145
375
38
303
394
160
242
358
417
460
133
233
413
269
417
261
481
106
45
335
254
48
54
443
199
333
490
162
131
86
435
417
413
388
245
15
250
57
380
286
16
24
129
292
242
483
274
118
252
145
104
35
497
473
407
423
122
305
7
405
238
462
162
22
389
27
223
282
161
327
280
147
483
231
316
288
174
146
128
138
325
205
495
42
115
427
279
478
402
303
493
148
486
510
167
152
291
242
469
421
123
204
258
124
339
155
503
112
34
221
161
108
254
472
386
66
363
119
414
168
370
96
14
149
216
383
314
103
144
498
428
349
281
326
482
470
240
34
492
5
269
48
77
413
8
384
375
238
408
75
38
162
384
210
2
482
9
408
222
266
421
91
161
149
452
52
462
206
174
7
372
272
439
254
34
89
362
362
308
209
56
305
501
277
403
318
201
60
404
141
467
98
162
352
363
393
334
141
175
460
289
339
122
27
282
322
102
459
262
252
97
358
510
462
507
218
390
239
73
330
283
67
164
287
40
268
70
188
461
163
223
40
446
459
506
2
18
159
202
289
387
416
414
114
59
225
123
281
503
138
296
177
352
153
479
13
63
338
381
418
163
25
279
226
155
240
32
184
215
464
465
142
446
376
47
407
105
458
397
138
370
156
263
109
340
215
506
32
439
34
283
224
436
33
318
356
259
481
385
281
22
174
63
418
379
373
447
363
142
220
19
399
411
402
508
34
131
88
323
21
402
283
30
453
138
66
453
117
318
228
178
58
182
60
168
161
307
89
341
343
310
327
289
405
231
193
4
480
388
172
6
133
29
204
13
374
273
241
67
386
510
158
265
347
37
483
231
255
112
155
354
99
470
124
49
257
475
23
449
347
502
332
30
187
40
204
484
488
485
451
1
38
225
52
286
394
25
321
477
467
388
460
61
15
142
79
128
136
391
390
121
484
256
47
262
145
368
160
381
447
172
404
506
256
254
288
430
181
491
176
103
279
464
27
163
135
201
494
233
442
302
470
45
342
456
505
334
336
49
55
483
348
377
267
499
111
22
174
171
177
244
214
186
370
129
406
24
493
112
94
72
81
444
306
94
505
253
129
472
152
354
379
215
372
476
189
126
449
481
189
422
408
229
443
48
96
479
30
203
202
184
149
124
410
223
133
419
473
460
135
495
312
46
386
148
348
464
145
235
245
344
265
42
44
396
481
230
80
10
69
423
136
79
59
103
374
331
255
226
500
452
359
224
488
498
83
478
135
261
415
170
15
496
482
475
183
256
280
407
136
364
437
289
493
428
108
462
165
237
225
470
187
173
103
484
127
433
474
372
182
437
57
319
378
39
163
496
147
254
2
58
427
460
321
290
275
308
56
325
351
267
30
394
394
16
440
432
365
368
48
250
290
322
148
486
17
226
381
398
476
366
166
436
185
497
388
68
67
263
292
494
156
487
449
370
300
286
125
285
77
306
414
187
80
512
23
498
257
289
70
149
405
56
310
242
296
431
310
335
373
65
268
377
361
102
223
325
229
406
25
256
261
485
469
26
304
176
290
404
340
214
132
140
23
490
4
304
327
510
395
203
478
147
4
60
280
409
82
197
492
219
276
512
204
313
241
495
333
151
48
327
155
451
69
69
294
91
451
154
278
63
329
377
426
303
234
4
259
208
437
199
132
345
255
260
373
253
267
491
243
164
371
6
95
140
55
141
34
93
426
352
213
374
40
443
448
