-7.23086318930e-01 -8.72633972137e-01
-2.93935700389e+00 -7.06145361705e-01
4.42944830451e-01 2.26335185332e+00
1.18003919383e+02 2.40198599592e+01
-4.91667867489e-01 1.46065131537e-01
3.83964813290e+00 -5.40365781143e-01
-3.82454121869e-01 -3.63836717114e-01
7.29907186471e-02 1.20072218583e+00
-1.90006229993e-01 -9.99852509679e-01
2.26596224327e+00 -3.15186189059e-01
3.36793194213e+00 -1.01550297362e+01
-1.68826718768e+00 3.33840862547e+00
9.46412662183e-01 1.15568713607e-01
-8.92027536091e-01 1.43985728500e+00
-5.34018537158e-01 -1.91986442853e+00
-1.69455057628e+00 1.27968873242e+00
1.88026331085e+00 -1.01503104857e+00
1.15689180003e+00 2.85010926678e+00
-2.07166583418e-01 -4.70940797975e-01
-7.13513477553e+00 3.61350778517e+00
4.69545465526e-01 -1.12902913111e+00
2.65595629153e-01 -9.92152110962e-01
-1.21376908040e+01 -4.46113651458e-01
-1.56593012875e+00 5.60914476178e-01
-1.70809985233e+00 -6.91069812903e-01
-1.28512279518e+00 -9.94693820262e-02
1.44946047301e+00 -1.36177223125e+00
1.91896927914e+00 1.34961295865e+00
-1.53063303119e+00 6.09424473606e-01
-1.33010141672e+00 2.55439185227e+00
-2.12577296237e+00 -1.78296017973e-01
8.07476255436e-01 6.21203835656e-01
1.23318676487e+00 3.63801890368e+00
-1.16678847688e+00 4.98348518174e-01
6.37997583246e-01 -2.09549402577e-01
7.69962604154e+00 -8.49126251781e+00
-4.62047578352e-01 -4.97152864821e-01
1.39753553168e+00 4.84317965692e+00
-1.95528743067e+00 1.54440446852e+00
-4.01547389774e-01 1.47672579989e-01
5.76381113814e-01 -8.84940336861e-01
-8.42377443136e-02 1.35408266511e+00
-3.14394802624e+00 -2.68425066415e+00
-6.42044831790e-01 -1.11947678641e+00
9.09523699806e+01 -5.93939578837e+01
2.10341369214e+00 3.75864206704e+00
2.97123254108e-01 -9.10667238188e-01
-1.53272740004e+00 4.67842851681e+00
-6.19277221797e+00 -8.43132511993e+00
1.13839043124e+00 7.17386932036e-02
4.69291620264e-01 2.34180352029e+00
-8.87035550109e-01 -2.20199658939e+00
-3.13805574044e+00 2.82671333163e-01
3.17591171605e-01 -6.20835975581e-01
-2.38438597759e+00 2.44799622993e+00
1.02828093160e-01 -1.46798464484e+00
-7.79227317334e-01 3.85624476855e+00
8.17551407862e+00 -2.95591726736e+00
1.67804642017e+00 -2.43714594015e-01
-8.76343955602e+00 8.89878493831e+00
3.07300815703e-01 -2.05478892539e+00
-1.38888608562e+00 -6.82464778803e-01
-1.53436022689e-01 -2.38959651742e-01
-2.22918304233e+01 -1.86768532780e+00
1.00050376621e-01 -4.42874861795e-01
9.71950599361e-01 1.66838441199e+00
-7.15426443760e+01 7.88692583066e+01
1.96146775456e+00 -3.18211214729e+00
3.68583965457e+01 6.65562510910e-01
3.40057440185e+00 1.26814316763e+01
2.04122906381e+00 1.61347581321e+00
-1.08602821879e+01 2.03801512974e+01
4.16664147308e-01 -4.92200781495e-01
6.05972007647e-01 -4.87362865866e-01
-3.03783613039e-01 6.60594736911e-01
3.51053043174e+00 3.67483427622e+00
5.01519688394e+00 -1.69543935693e-01
9.29407404815e-02 -1.50801781819e+00
2.85199705825e-01 -9.19272698079e-01
9.05725308003e-01 -2.06020063503e+00
1.63091604304e+00 2.64084324400e-01
4.92373117480e-01 1.15052380702e-01
6.94267311968e-02 6.04376573950e-01
-2.43770633760e-01 -6.80502752743e-01
-2.58931983351e-01 2.45084634211e-01
-5.11009637785e+00 2.79119962965e+00
-1.33092636643e+00 -1.62942866155e+00
-5.18893378336e-01 -9.67730901589e-01
4.08151997888e-01 -2.46760555788e+00
-1.83650576783e+00 7.05091031363e-01
-2.25205836724e+00 3.43596044268e+00
3.02753415571e+00 3.59235299046e-01
1.10338730244e+00 1.17937710808e+00
1.74729830162e+00 -3.55896715251e+00
4.38353650505e-02 -1.85498487173e+00
-1.33718141191e+00 -7.52721218015e-01
4.49008279306e-01 -3.21902038858e-01
-4.63848990207e-02 -2.21646934224e-01
1.01280570098e+00 -1.31272084675e+00
-4.85631680108e-01 -4.99630874086e-01
-3.48074783596e-01 2.22778489235e-01
-2.37611782743e-01 1.17869260950e-01
1.29713183140e+00 -1.79405337029e-01
1.71020264302e+00 -7.61767087420e-01
-5.30578265400e-01 4.50785755934e-02
1.65403521397e+01 1.09878979111e+01
4.90984066590e-01 -4.93913288799e+00
-2.47527590614e-01 1.94324501293e-01
-8.10455800655e-01 -1.74715249634e+00
4.28375107376e+00 -2.38517280057e+00
-3.49516120700e-01 -2.30693023058e-01
5.46843671484e-01 9.19491610576e-01
-2.63380758335e-01 3.41539435868e-01
-3.30886301785e-01 8.03602354904e-02
7.47362869496e-01 -3.25232240108e-02
1.37167549870e-01 5.65703419347e-01
1.76957625715e-01 4.57719159173e+00
-8.27522391169e-01 1.37135880524e+00
-1.08020633164e+00 1.12952917219e+01
6.08378916167e-01 -2.91602667087e+00
-1.93691625575e-01 2.97580171136e+00
5.76650657290e-01 -9.77666322264e-01
2.97839092776e-01 5.24589496027e-02
-1.11431295661e+00 5.95597417677e-01
-1.41487788686e-02 -6.55459197625e-01
5.48682316205e-02 3.91877145244e-01
-3.16592713478e-01 -2.01583310871e+00
3.96048464655e-02 -1.86742349279e+00
1.31809564270e+00 -1.63150684603e-01
4.40867190225e-01 2.82232845406e-01
4.63709308639e+00 -1.87935740810e+00
1.36269435246e+00 2.04965462948e+00
-7.55758085629e-01 -3.00355313315e+00
-1.44136026756e+00 1.14319944785e+00
1.13455034661e+00 1.29517567026e-01
4.86994429513e-01 -1.12100581556e+00
-2.31847982584e-01 -1.11380919739e-01
3.95484734913e-01 3.10826050211e-01
-4.55011912519e-01 -1.19943435894e+00
4.02073736217e-01 2.19826217455e+00
-1.60807684751e+00 3.98792357030e+00
-3.06495953085e+00 8.35266155979e+00
3.00886672672e+00 -3.63053867637e+00
-1.58546545671e+00 2.36391968094e-01
-1.68230924124e+00 1.49687935249e+00
-1.04086606853e+00 -7.50949372147e-02
-3.83705630640e+00 3.39986433911e+00
3.73332709406e-01 1.00242444037e-01
-3.27949656452e+00 -3.42528814094e+00
9.00021800688e+01 3.46996342369e+02
-1.16214013282e+00 -1.76636494938e+00
4.11046559748e-01 -5.46407903642e-01
3.28594721938e-01 -7.44772857930e-01
4.38820864204e-01 -1.92933878918e+00
-2.52878062255e+01 4.27944079475e-01
-9.79048115622e-01 2.59896978419e-01
7.44037024086e+01 -5.00946644763e+01
2.01887772239e-01 1.27601347435e+00
-1.72854946915e+00 9.24850186951e-01
-6.27577976469e-01 -5.00797100952e-01
-8.64206194286e-01 1.15148369773e+00
3.68821479135e-01 9.88168025432e-01
1.50192956920e-02 1.87431465552e-01
9.03555106919e+00 8.45522692919e+00
3.43117999497e-02 -2.35527256414e+00
6.30150652765e+00 -6.86091330411e+00
1.57105062477e+00 2.45738739322e-02
-1.58281755970e-01 -2.68334897421e-01
5.41634683219e+00 1.95429953212e+00
3.70911717989e+00 1.37950353683e+00
4.80849238163e-01 -2.19738259692e+00
-8.74061960189e-01 -6.04417241552e-01
-5.84897768015e+00 2.51223103487e+00
1.73008740446e+00 1.49134485969e+00
4.94823240455e-01 -1.30513302934e+00
1.47392648790e+00 -2.30678167832e+00
-5.32262913807e+00 -1.61793113419e-01
3.95189751931e-01 -4.70052948429e-01
2.75201807204e+00 1.39934303285e+01
1.51538966839e-01 -8.84339556077e-01
-2.38215733634e-01 -1.41261604431e+00
1.23201470462e+00 -1.00515720724e-01
8.00608308848e-01 -3.49511192878e-02
-3.61732986879e+00 -1.77157995925e-01
1.24357291693e+00 1.43332266814e+00
2.27125182550e-02 1.01877531704e+00
4.32990878756e-02 -5.40316904538e-01
-2.24983391666e+00 -4.36847213648e+00
4.84946312188e-01 -4.90345342073e-01
7.57635422664e-01 4.09781479761e-01
5.73823704390e-01 9.29358348589e-01
-9.66648969120e-01 -4.77634775446e-01
1.46914071868e-01 -3.11767693877e-02
-6.39581460191e-01 -8.71017957136e-01
4.63044431529e-01 -6.21264892112e-01
7.39989574421e-01 -9.09695031495e+00
-6.58472153678e-01 4.22387789967e-01
-6.84102265119e-01 -4.00166860365e-02
1.25934617414e+00 -2.12152813001e-01
4.29425048418e-01 -5.67632469705e-01
