-7.23086318930e-01 -8.72633972137e-01
-2.93935700389e+00 -7.06145361705e-01
4.42944830451e-01 2.26335185332e+00
1.18003919383e+02 2.40198599592e+01
-4.91667867489e-01 1.46065131537e-01
3.83964813290e+00 -5.40365781143e-01
-3.82454121869e-01 -3.63836717114e-01
7.29907186471e-02 1.20072218583e+00
-1.90006229993e-01 -9.99852509679e-01
2.26596224327e+00 -3.15186189059e-01
3.36793194213e+00 -1.01550297362e+01
-1.68826718768e+00 3.33840862547e+00
9.46412662183e-01 1.15568713607e-01
-8.92027536091e-01 1.43985728500e+00
-5.34018537158e-01 -1.91986442853e+00
-1.69455057628e+00 1.27968873242e+00
1.88026331085e+00 -1.01503104857e+00
1.15689180003e+00 2.85010926678e+00
-2.07166583418e-01 -4.70940797975e-01
-7.13513477553e+00 3.61350778517e+00
4.69545465526e-01 -1.12902913111e+00
2.65595629153e-01 -9.92152110962e-01
-1.21376908040e+01 -4.46113651458e-01
-1.56593012875e+00 5.60914476178e-01
-1.70809985233e+00 -6.91069812903e-01
-1.28512279518e+00 -9.94693820262e-02
1.44946047301e+00 -1.36177223125e+00
1.91896927914e+00 1.34961295865e+00
-1.53063303119e+00 6.09424473606e-01
-1.33010141672e+00 2.55439185227e+00
-2.12577296237e+00 -1.78296017973e-01
8.07476255436e-01 6.21203835656e-01
1.23318676487e+00 3.63801890368e+00
-1.16678847688e+00 4.98348518174e-01
6.37997583246e-01 -2.09549402577e-01
7.69962604154e+00 -8.49126251781e+00
-4.62047578352e-01 -4.97152864821e-01
1.39753553168e+00 4.84317965692e+00
-1.95528743067e+00 1.54440446852e+00
-4.01547389774e-01 1.47672579989e-01
5.76381113814e-01 -8.84940336861e-01
-8.42377443136e-02 1.35408266511e+00
-3.14394802624e+00 -2.68425066415e+00
-6.42044831790e-01 -1.11947678641e+00
9.09523699806e+01 -5.93939578837e+01
2.10341369214e+00 3.75864206704e+00
2.97123254108e-01 -9.10667238188e-01
-1.53272740004e+00 4.67842851681e+00
-6.19277221797e+00 -8.43132511993e+00
1.13839043124e+00 7.17386932036e-02
