2.55379169547e-01 7.34138339767e-01 5.82871078001e-01
-2.48790505959e-01 -8.64097209128e-01 1.64057695761e+00
2.35051045659e-01 1.20105977820e+00 -9.93898205452e-01
1.30985324445e+01 2.66622427996e+00 -8.43186881619e-01
-4.18527095680e-01 3.44519493965e-01 6.80428744491e-02
-1.94654808231e+00 -8.08430477112e-01 -5.42232821459e-01
-1.26250951648e-01 -1.20105207797e-01 -5.29990883809e-01
5.59437694811e-02 9.20294065055e-01 4.21082100277e-01
-1.52701066204e-01 -8.03544937872e-01 -3.74489106905e-01
1.52195238587e+00 -2.11697425170e-01 -3.14179762166e-01
1.57512224707e+00 -8.29181964585e-02 -3.51762846080e+00
1.25270160722e+00 1.15785589711e+00 1.27591407097e+00
7.97024217127e-01 9.73265333056e-02 3.03110757256e-01
-6.36692772709e-01 1.02771124209e+00 -4.36049646814e-01
-3.81041473009e-01 -1.36989246425e+00 1.77768231375e-01
3.70883908955e-01 7.79538328424e-01 1.21951421801e+00
1.30688088127e+00 -7.05499417887e-01 2.12297529645e-01
1.36681286608e+00 -1.30684351433e+00 4.79544099757e-03
-1.93483845808e-01 -4.39836556826e-01 -2.62568012818e-01
-2.87038981690e-01 1.45367624805e-01 -3.27530957821e+00
4.10037531523e-01 -9.26158575730e-01 1.59803408463e-01
1.95455864256e-01 -7.30139833021e-01 4.98631289436e-01
-4.01766006800e+00 -1.47666721142e-01 -9.27972010857e-01
-5.52315625167e-01 1.97838858764e-01 1.12577505493e+00
9.13222787293e-01 7.18624832499e-01 7.06926549304e-01
-5.34480825188e-01 -4.13691808953e-02 9.19336382709e-01
1.01959429668e+00 -9.57911737649e-01 -3.01431332132e-01
4.54146566318e-01 3.19401721378e-01 1.49424970474e+00
-6.60137501194e-01 -1.07272646558e+00 6.45500385290e-02
-7.49425518006e-01 1.43923343966e+00 -8.13878509356e-01
9.65511822112e-01 -4.94928926749e-01 -1.03379752384e+00
7.00946220513e-01 5.39248650149e-01 -1.68259370308e-01
3.15912450797e-01 9.31971945079e-01 -1.92758213284e+00
-8.37481721746e-01 3.57697888950e-01 -5.27574631725e-01
5.32117711907e-01 -1.74773308801e-01 3.58602899160e-01
1.89112025815e+00 -2.08555564622e+00 -2.84194685856e+00
-4.56192631329e-01 -4.90853072717e-01 -1.30295464046e-02
6.84251012925e-01 2.37128181066e+00 -5.93580140976e-01
-6.67196192658e-01 -3.85182770951e-01 1.46681456972e+00
-4.25946637308e-01 1.56645617605e-01 -1.53142443214e-01
6.96094671730e-01 -2.19122080096e-01 -5.66407629805e-01
-5.06149718060e-02 8.13612193391e-01 7.43176214115e-01
-1.71090305887e+00 -1.46074064639e+00 -2.24162123960e-01
-4.44153150095e-01 -7.74430563917e-01 5.80920508726e-01
3.29201617328e-01 -1.16421965931e+01 -5.10379146115e+00
9.66375843354e-01 1.72684094954e+00 1.20372921993e+00
2.31181680104e-01 -7.08559761746e-01 -4.31377729879e-01
-8.01594676551e-02 2.44675171436e-01 -2.49073694433e+00
-2.02019349846e+00 -2.75044965182e+00 -1.69124272625e+00
9.58966471482e-01 6.04318163633e-02 -1.71436571454e-01
-6.83125665028e-01 -3.40847619222e-01 -1.42033535849e+00
1.26084312163e+00 7.78122200550e-01 -6.20347075344e-01
-1.65714142302e+00 1.49272802662e-01 9.56623407629e-01
-2.86189365844e-01 -4.02187511640e-01 4.72964897812e-01
-1.19573924069e+00 1.22763897318e+00 -1.06357802162e+00
6.36810495308e-02 -9.09117343376e-01 -7.29271795936e-01
-1.38520020867e+00 -1.18078258495e+00 1.22731492770e+00
1.98263561919e+00 -7.16836495577e-01 2.72453214516e+00
1.26503775389e+00 -1.83730413471e-01 -1.41777820778e-01
-9.89581109495e-01 -3.15894435970e+00 -2.56517979221e+00
1.35125484712e-01 -9.03526236629e-01 -1.15536090093e+00
1.51072739868e-01 -2.97919804203e-01 -1.16129235797e+00
1.82610903487e-01 -3.06687897030e-01 -1.09542195957e-02
-4.58613537663e+00 -3.84242011157e-01 3.33990411092e+00
1.08364839030e-01 -4.79678985020e-01 -9.05665769941e-02
6.91661245106e-01 1.18725873565e+00 -2.85120392070e-01
-4.91454110277e+00 5.41783456669e+00 1.02457703421e+01
1.04004505316e+00 -1.68727729002e+00 -7.77794931499e-01
7.33853233563e+00 1.32513957888e-01 4.39798833183e-01
-3.84976872751e+00 -1.88756528702e+00 3.34841463586e-01
1.04079285124e+00 8.22687723690e-01 1.06790023166e+00
-2.36638531916e+00 4.44070328910e+00 2.84597591335e+00
3.29054169362e-01 -3.88708076663e-01 3.96879625582e-01
-4.18405181024e-01 -6.02626050234e-01 9.84540967041e-02
-1.94700638535e-01 4.23387607392e-01 -5.28753826009e-01
1.75796816781e+00 1.84024659668e+00 1.66001535736e-01
1.92907169921e+00 -6.52142708824e-02 1.63842708253e+00
2.55378643058e-02 -4.14366769752e-01 -1.11377954557e+00
2.50062586279e-01 -8.06016639158e-01 -1.85806163934e-01
2.37705466123e-01 -5.40694786742e-01 -1.43499554395e+00
-8.28846914620e-01 1.61905130327e-01 -9.40011845821e-01
4.94904919985e-01 1.15643984702e-01 1.84519558003e-01
5.18078723327e-02 4.51000124078e-01 -4.20426361715e-01
-1.35054671285e-01 1.44565848675e-01 -6.73330683143e-01
-2.92292780539e-01 2.76661338912e-01 -1.20193577531e-01
-7.11017813286e-01 3.88366972044e-01 2.63489722201e+00
-9.00666703435e-01 -1.10266967286e+00 4.22443898252e-01
-4.46566498514e-01 -8.32842002364e-01 -9.63902212262e-02
1.95045865484e-01 -1.17920839344e+00 -1.15317769836e+00
-1.20855515678e+00 4.64001484166e-01 -5.85427918237e-01
-1.12165472747e+00 1.71130612332e+00 -9.41753752136e-01
1.81323232536e+00 2.15151018334e-01 4.50472836003e-01
8.73387690043e-02 9.33537521986e-02 1.23766055638e+00
9.64335399315e-01 -1.96419695881e+00 -2.75560978508e-01
4.05316000229e-02 -1.36243537575e+00 9.80862191771e-02
1.18258069748e+00 -2.00579890121e-01 6.78122509750e-02
4.44542948385e-01 -3.18700763528e-01 -1.82853372762e-01
2.28907645261e-01 9.83503289941e-02 -1.74884854338e-01
1.99246064839e-01 -2.58247423663e-01 1.22398349449e+00
-3.22601123371e-01 1.88430541386e-01 5.72007955772e-01
