-7.23086318930e-01 -8.72633972137e-01
-2.93935700389e+00 -7.06145361705e-01
4.42944830451e-01 2.26335185332e+00
1.18003919383e+02 2.40198599592e+01
-4.91667867489e-01 1.46065131537e-01
3.83964813290e+00 -5.40365781143e-01
-3.82454121869e-01 -3.63836717114e-01
7.29907186471e-02 1.20072218583e+00
-1.90006229993e-01 -9.99852509679e-01
2.26596224327e+00 -3.15186189059e-01
3.36793194213e+00 -1.01550297362e+01
-1.68826718768e+00 3.33840862547e+00
9.46412662183e-01 1.15568713607e-01
-8.92027536091e-01 1.43985728500e+00
-5.34018537158e-01 -1.91986442853e+00
-1.69455057628e+00 1.27968873242e+00
1.88026331085e+00 -1.01503104857e+00
1.15689180003e+00 2.85010926678e+00
-2.07166583418e-01 -4.70940797975e-01
-7.13513477553e+00 3.61350778517e+00
4.69545465526e-01 -1.12902913111e+00
2.65595629153e-01 -9.92152110962e-01
-1.21376908040e+01 -4.46113651458e-01
-1.56593012875e+00 5.60914476178e-01
-1.70809985233e+00 -6.91069812903e-01
-1.28512279518e+00 -9.94693820262e-02
1.44946047301e+00 -1.36177223125e+00
1.91896927914e+00 1.34961295865e+00
-1.53063303119e+00 6.09424473606e-01
-1.33010141672e+00 2.55439185227e+00
-2.12577296237e+00 -1.78296017973e-01
8.07476255436e-01 6.21203835656e-01
1.23318676487e+00 3.63801890368e+00
-1.16678847688e+00 4.98348518174e-01
6.37997583246e-01 -2.09549402577e-01
7.69962604154e+00 -8.49126251781e+00
-4.62047578352e-01 -4.97152864821e-01
1.39753553168e+00 4.84317965692e+00
-1.95528743067e+00 1.54440446852e+00
-4.01547389774e-01 1.47672579989e-01
5.76381113814e-01 -8.84940336861e-01
-8.42377443136e-02 1.35408266511e+00
-3.14394802624e+00 -2.68425066415e+00
-6.42044831790e-01 -1.11947678641e+00
9.09523699806e+01 -5.93939578837e+01
2.10341369214e+00 3.75864206704e+00
2.97123254108e-01 -9.10667238188e-01
-1.53272740004e+00 4.67842851681e+00
-6.19277221797e+00 -8.43132511993e+00
1.13839043124e+00 7.17386932036e-02
4.69291620264e-01 2.34180352029e+00
-8.87035550109e-01 -2.20199658939e+00
-3.13805574044e+00 2.82671333163e-01
3.17591171605e-01 -6.20835975581e-01
-2.38438597759e+00 2.44799622993e+00
1.02828093160e-01 -1.46798464484e+00
-7.79227317334e-01 3.85624476855e+00
8.17551407862e+00 -2.95591726736e+00
1.67804642017e+00 -2.43714594015e-01
-8.76343955602e+00 8.89878493831e+00
3.07300815703e-01 -2.05478892539e+00
-1.38888608562e+00 -6.82464778803e-01
-1.53436022689e-01 -2.38959651742e-01
-2.22918304233e+01 -1.86768532780e+00
1.00050376621e-01 -4.42874861795e-01
9.71950599361e-01 1.66838441199e+00
-7.15426443760e+01 7.88692583066e+01
1.96146775456e+00 -3.18211214729e+00
3.68583965457e+01 6.65562510910e-01
3.40057440185e+00 1.26814316763e+01
2.04122906381e+00 1.61347581321e+00
-1.08602821879e+01 2.03801512974e+01
4.16664147308e-01 -4.92200781495e-01
6.05972007647e-01 -4.87362865866e-01
-3.03783613039e-01 6.60594736911e-01
3.51053043174e+00 3.67483427622e+00
5.01519688394e+00 -1.69543935693e-01
9.29407404815e-02 -1.50801781819e+00
2.85199705825e-01 -9.19272698079e-01
9.05725308003e-01 -2.06020063503e+00
1.63091604304e+00 2.64084324400e-01
4.92373117480e-01 1.15052380702e-01
6.94267311968e-02 6.04376573950e-01
-2.43770633760e-01 -6.80502752743e-01
-2.58931983351e-01 2.45084634211e-01
-5.11009637785e+00 2.79119962965e+00
-1.33092636643e+00 -1.62942866155e+00
-5.18893378336e-01 -9.67730901589e-01
4.08151997888e-01 -2.46760555788e+00
-1.83650576783e+00 7.05091031363e-01
-2.25205836724e+00 3.43596044268e+00
3.02753415571e+00 3.59235299046e-01
1.10338730244e+00 1.17937710808e+00
1.74729830162e+00 -3.55896715251e+00
4.38353650505e-02 -1.85498487173e+00
-1.33718141191e+00 -7.52721218015e-01
4.49008279306e-01 -3.21902038858e-01
-4.63848990207e-02 -2.21646934224e-01
1.01280570098e+00 -1.31272084675e+00
-4.85631680108e-01 -4.99630874086e-01
-3.48074783596e-01 2.22778489235e-01
-2.37611782743e-01 1.17869260950e-01
1.29713183140e+00 -1.79405337029e-01
1.71020264302e+00 -7.61767087420e-01
-5.30578265400e-01 4.50785755934e-02
1.65403521397e+01 1.09878979111e+01
4.90984066590e-01 -4.93913288799e+00
-2.47527590614e-01 1.94324501293e-01
-8.10455800655e-01 -1.74715249634e+00
4.28375107376e+00 -2.38517280057e+00
-3.49516120700e-01 -2.30693023058e-01
5.46843671484e-01 9.19491610576e-01
-2.63380758335e-01 3.41539435868e-01
-3.30886301785e-01 8.03602354904e-02
7.47362869496e-01 -3.25232240108e-02
1.37167549870e-01 5.65703419347e-01
1.76957625715e-01 4.57719159173e+00
-8.27522391169e-01 1.37135880524e+00
-1.08020633164e+00 1.12952917219e+01
6.08378916167e-01 -2.91602667087e+00
-1.93691625575e-01 2.97580171136e+00
5.76650657290e-01 -9.77666322264e-01
2.97839092776e-01 5.24589496027e-02
-1.11431295661e+00 5.95597417677e-01
-1.41487788686e-02 -6.55459197625e-01
5.48682316205e-02 3.91877145244e-01
-3.16592713478e-01 -2.01583310871e+00
3.96048464655e-02 -1.86742349279e+00
1.31809564270e+00 -1.63150684603e-01
4.40867190225e-01 2.82232845406e-01
4.63709308639e+00 -1.87935740810e+00
1.36269435246e+00 2.04965462948e+00
-7.55758085629e-01 -3.00355313315e+00
-1.44136026756e+00 1.14319944785e+00
1.13455034661e+00 1.29517567026e-01
4.86994429513e-01 -1.12100581556e+00
-2.31847982584e-01 -1.11380919739e-01
3.95484734913e-01 3.10826050211e-01
-4.55011912519e-01 -1.19943435894e+00
4.02073736217e-01 2.19826217455e+00
-1.60807684751e+00 3.98792357030e+00
-3.06495953085e+00 8.35266155979e+00
3.00886672672e+00 -3.63053867637e+00
-1.58546545671e+00 2.36391968094e-01
-1.68230924124e+00 1.49687935249e+00
-1.04086606853e+00 -7.50949372147e-02
-3.83705630640e+00 3.39986433911e+00
3.73332709406e-01 1.00242444037e-01
-3.27949656452e+00 -3.42528814094e+00
9.00021800688e+01 3.46996342369e+02
-1.16214013282e+00 -1.76636494938e+00
4.11046559748e-01 -5.46407903642e-01
3.28594721938e-01 -7.44772857930e-01
4.38820864204e-01 -1.92933878918e+00
-2.52878062255e+01 4.27944079475e-01
-9.79048115622e-01 2.59896978419e-01
7.44037024086e+01 -5.00946644763e+01
2.01887772239e-01 1.27601347435e+00
-1.72854946915e+00 9.24850186951e-01
-6.27577976469e-01 -5.00797100952e-01
-8.64206194286e-01 1.15148369773e+00
3.68821479135e-01 9.88168025432e-01
1.50192956920e-02 1.87431465552e-01
9.03555106919e+00 8.45522692919e+00
3.43117999497e-02 -2.35527256414e+00
6.30150652765e+00 -6.86091330411e+00
1.57105062477e+00 2.45738739322e-02
-1.58281755970e-01 -2.68334897421e-01
5.41634683219e+00 1.95429953212e+00
3.70911717989e+00 1.37950353683e+00
4.80849238163e-01 -2.19738259692e+00
-8.74061960189e-01 -6.04417241552e-01
-5.84897768015e+00 2.51223103487e+00
1.73008740446e+00 1.49134485969e+00
4.94823240455e-01 -1.30513302934e+00
1.47392648790e+00 -2.30678167832e+00
-5.32262913807e+00 -1.61793113419e-01
3.95189751931e-01 -4.70052948429e-01
2.75201807204e+00 1.39934303285e+01
1.51538966839e-01 -8.84339556077e-01
-2.38215733634e-01 -1.41261604431e+00
1.23201470462e+00 -1.00515720724e-01
8.00608308848e-01 -3.49511192878e-02
-3.61732986879e+00 -1.77157995925e-01
1.24357291693e+00 1.43332266814e+00
2.27125182550e-02 1.01877531704e+00
4.32990878756e-02 -5.40316904538e-01
-2.24983391666e+00 -4.36847213648e+00
4.84946312188e-01 -4.90345342073e-01
7.57635422664e-01 4.09781479761e-01
5.73823704390e-01 9.29358348589e-01
-9.66648969120e-01 -4.77634775446e-01
1.46914071868e-01 -3.11767693877e-02
-6.39581460191e-01 -8.71017957136e-01
4.63044431529e-01 -6.21264892112e-01
7.39989574421e-01 -9.09695031495e+00
-6.58472153678e-01 4.22387789967e-01
-6.84102265119e-01 -4.00166860365e-02
1.25934617414e+00 -2.12152813001e-01
4.29425048418e-01 -5.67632469705e-01
-4.37082142255e-01 1.46235372128e+00
-3.27651662345e+00 1.74992437568e+00
6.10946532982e-01 1.29598846151e-01
3.63520037924e+00 3.47321610718e+00
-7.99125317064e-01 6.71074405099e+00
-1.85572629232e-02 -2.31092753693e+00
1.29795168938e+00 7.95161539839e-01
6.40795183806e-01 -1.66920685752e+00
-7.47617500611e-01 4.71463668654e-01
-9.65702935482e-01 -2.19945444064e+00
-5.71894741346e+00 -6.41127811743e+00
4.74013140463e+00 -1.42481694913e+00
-5.81041724713e-02 -5.05507935672e-01
-7.50725133137e-01 4.46813901992e+00
1.10903430826e-01 -5.31391757641e-01
2.52951391160e-01 7.07548466252e-01
3.58225014794e-01 -1.92138445589e-01
2.62966539837e+00 -9.56733518653e-01
1.02490330448e+00 -3.14117902500e+00
1.14121059094e-01 2.66193784745e+00
-7.28181759919e-01 1.59451338901e+00
2.05175550511e+00 -1.49502576403e+00
1.43761461000e+00 4.90103554781e-01
2.28704177868e+00 7.12460231831e-01
-1.07068169814e+00 -2.96628818881e+00
1.86535649494e+00 4.11038218794e-01
-1.68806581461e-01 7.91760035387e-02
3.57758944131e+00 7.65100441185e+00
-7.91305300673e+00 3.23860878708e+00
-3.41724899196e+00 1.33553844762e+00
1.98235556139e+00 -1.22323746758e+00
2.43997691035e+00 4.04924016293e-01
-1.10943835898e+00 -2.12692866226e+00
-2.42649380451e+00 1.39437607217e+00
-2.90235124817e-01 -6.48536529381e-01
2.28432303740e-01 1.32253186959e+00
4.37387639158e-01 -1.74874900151e+00
-4.12923776161e+00 8.68797155939e+00
-2.19148979810e+00 -2.99532596894e+00
-1.94053590860e+00 -9.42556963886e-02
1.72130857645e+00 -1.65525203716e-01
-1.37431262197e+00 -2.11877335894e+00
-4.09205770485e+00 -3.53227092764e+00
-2.84443984194e+00 -2.33914176664e-01
2.78869711143e+00 1.71838319715e+00
8.15873512161e+00 1.85632653955e+00
2.28639670492e+00 3.01769425099e+00
1.01556542873e-01 6.47346706238e-01
-2.37742405293e-01 -2.30079388868e+00
-4.18657634112e+00 -5.55546208453e+00
-5.13440257243e-01 6.43598833268e-01
-2.02980474369e+00 2.27756788453e-02
2.04903160085e-01 -6.22264963665e-01
-6.82229474819e-01 -3.84374304870e-01
8.23824405368e-01 -5.94812510621e-01
7.00623072028e+00 2.45502892627e+00
7.68782758344e-02 -1.41920761597e+00
-3.46823511360e+00 3.68311998771e-01
-3.00773600416e-01 -4.00036040044e-01
-2.91427418758e+00 -1.94560663005e+00
4.08740291179e+00 9.78404688797e+00
-3.05432609667e-02 -1.93465799475e+00
-3.56518045029e+00 -3.82707992703e+00
-1.19541046245e+00 1.54851262711e-01
2.15172786921e+00 1.41824683392e+00
-8.45999664516e-01 1.37997015922e+00
-1.02391957304e+00 -5.10723247423e-01
1.40237650631e-01 3.28115284934e+00
1.18443231353e+00 5.61369003996e-01
4.17028324208e-02 5.20663128464e-01
-8.63446909635e-01 -6.00604762545e+00
-5.84358355942e-01 1.20108352876e-01
9.42041917947e+00 -8.04383761424e-01
8.86876551789e-02 7.91787681947e-01
-4.57361339679e-02 -9.20825599384e-01
-7.91188227054e+00 8.13984192571e+00
1.42042324504e+00 -3.56931141368e-01
3.09089621478e+00 -7.67783723547e-01
-1.54018172300e+00 6.02884343937e-01
1.68997306643e-01 -1.29648886600e-01
-3.97279487988e-01 9.05377395878e-01
-1.11243775385e+00 4.48381950814e+00
-4.15214634606e+00 -3.81097305866e+00
1.13092134727e+00 1.38604480490e+00
2.82577481994e+01 -5.42013603233e+01
9.61811203985e-01 2.53624821070e+00
-1.26845258399e+00 1.00643637021e+00
-6.54815791480e-01 4.06575786301e-01
2.88601202878e-01 -1.42590944457e-01
4.22124797043e-01 -2.46764677715e+00
-1.29376162020e+01 1.86146685192e+01
-7.26658198438e+00 -1.70742445613e+01
5.01946570845e-01 3.49192404856e-01
1.07328279996e+00 1.02919076738e+00
-2.64384910619e+00 8.43994266277e+00
-1.94860753084e+00 2.51849563245e+00
-9.24848341089e-01 -1.31984374752e-01
6.90282935919e+00 1.86599003231e+00
1.09215246238e+01 -9.67300989546e+00
-1.40108830153e+00 2.46474120779e+00
-2.98687294237e+00 7.93268842428e-01
7.48938274206e+00 -7.81373580387e+00
1.26781901997e+00 2.38045318793e-01
-5.18995394100e-01 -7.76677535923e-01
-7.59983492475e-01 -1.29817399157e+00
-6.45906394742e-01 1.62308838342e+00
-2.03165230273e-01 -3.95248717331e-01
-6.41342809155e+00 9.64344335835e+01
-6.70245557130e-01 3.00587194173e-01
-1.26882951232e+01 -8.60114157145e+00
5.19352895937e+00 -8.68129391741e-01
-3.43933994420e+00 -1.92604168491e+00
1.70855819147e+01 1.72447412431e+01
-4.52480109410e-01 9.80910386924e-01
2.23372600482e+00 -1.16335508358e+00
-3.65842834168e-01 4.78111695330e-01
-6.38517065753e-01 4.44443622135e+00
6.45040466123e-01 -3.23252203450e-01
2.37897078774e+00 4.15096314616e-01
3.18620825589e-01 1.49403893137e+00
-7.17182360517e-01 6.71458308045e+00
5.11239235196e-02 2.35165412043e-02
-1.45167150297e+00 -6.40485225968e-01
-4.08948632303e-01 -1.66269329815e+01
9.63804063135e+00 8.24771901698e+00
4.90438150604e-01 5.08241671658e-01
3.99787943702e-01 -7.92226285616e-01
-1.86887894479e-01 -4.03868473754e-02
1.20265359172e+00 9.40794828201e-01
-1.09897080793e+00 -1.82707628456e+00
1.41326680463e+00 -4.34349513771e-01
2.81860046180e-01 1.21758696675e+00
-1.52330000367e+00 -2.35124844994e+00
-7.29009573186e-01 1.77677645595e-01
-1.97558817113e-01 4.21399721060e-01
3.04389587977e+00 4.10270410711e+00
-1.80207798326e+00 -1.65391843577e+00
-1.58253045594e+00 -1.35080934408e+00
-1.47124335286e+00 -4.11244209970e-01
6.03367677555e-01 1.08999878329e-01
-6.00578907101e+00 9.62121303780e+00
-2.06987504351e+00 -1.72136945950e+00
-3.42067253904e-01 -5.02174380441e-01
-4.94736860374e+00 2.36413303192e+01
4.78285342795e-01 -4.99791619743e-01
-1.13442196021e+00 6.47264204398e-01
9.29656565561e-01 1.86581863949e+00
1.05815023686e+00 -1.53455350730e+00
-2.08540437018e+00 1.79850851477e+00
-1.41709856961e+00 -2.62244304925e+00
-1.24604198158e+00 1.95251525269e+00
-9.94328409748e-01 -3.48902999589e-01
1.91865861145e+00 -5.24853767022e-02
-2.85152903982e-01 5.44804009167e-01
-1.59170955910e+00 -3.85421520598e-01
-1.69861430333e+00 2.36456455457e+00
-1.41496869489e+01 6.38788186496e+00
2.10299557010e+00 3.46844261011e+00
-2.23321937863e-01 -5.21120072228e-01
1.68704040666e+00 -9.56947690685e-01
-8.72941987772e-03 2.22819836314e-01
1.04877652396e+00 3.04798689749e+00
-8.58309392120e-01 -1.32984179097e+00
-1.94226698153e-01 7.45781032277e-01
1.64871555310e+00 3.28728703721e-01
-1.65191566568e-01 -5.65364692137e-01
1.43267869811e-01 -1.19211766006e+00
1.79787001145e+00 -4.28294888618e-01
2.44067892010e-01 3.72158367798e-01
1.29524605464e+00 -2.03305327574e+00
-4.09876051697e-01 -1.41564457544e+00
1.13712043496e+01 -5.55572948873e+01
-5.48377113550e-01 2.93463087096e-01
-2.47168637850e-01 9.07151444099e-01
-6.78175655914e-01 -4.40322053793e-01
-8.89927228257e-01 -5.72348179644e-01
-1.04841992705e+00 7.26088426078e-01
2.39893624428e+00 -3.02233882206e-01
3.20563346938e-01 -7.96207730039e-01
5.41055754361e-01 -9.11395821941e-01
-1.14560551406e+00 6.74645329283e-01
-2.46114972090e+01 9.37384077713e+00
1.52335464444e+00 1.45854712700e-02
2.22455443447e-01 -6.00916345034e-02
4.41177775425e+00 -1.37872974750e+00
-2.10492367089e-01 -4.76144015184e-02
-4.09655090529e-02 1.32469311433e+00
4.25515669862e-01 -9.53473838944e-01
-3.87289198543e+00 -2.85193745795e+00
1.27122337421e-01 1.73797338146e+00
3.31969788183e+00 2.39294122076e+00
-2.35120478397e+01 3.85317107575e-01
-1.22383670872e+01 -7.01780297895e-01
-8.72658097197e-02 2.00949918388e+00
-3.94017811869e+00 2.14613811801e-01
-8.93174996160e-01 2.59610625879e-01
1.58823628209e+00 1.70263366507e+00
2.73449223737e+00 2.79097140780e+00
1.77920124478e+00 -6.65721914878e-01
2.92339369183e-03 2.50794539045e-01
-4.18026036853e-01 -9.42094024188e-01
-3.74796127342e+00 -2.32321538542e+00
-8.46887690791e-02 -2.64311810836e-01
-7.27641612837e-01 -2.66208502765e+00
-4.34743327831e-01 1.21364672058e+00
-2.04126134494e+00 1.49776058407e+00
-5.28768291042e+00 2.05985653225e+00
-1.48648120036e+00 -5.69746934141e-01
7.10729455796e-01 -2.45652511018e+00
1.31975125962e-01 -6.53325195167e-01
-5.06536249459e+00 -1.45267582320e+00
6.58473673478e-01 3.61153868542e+00
-8.44626014729e-01 -5.09707651911e-01
7.83968881492e-01 -3.01284738125e-01
-2.76713718851e+00 5.21930015546e-01
-5.73687804042e-01 -4.69012022456e-01
4.37974064886e-02 -6.12905132194e-01
5.18800334129e-01 -6.07929301141e-01
5.13494130649e-02 2.37477436148e+00
4.17707544608e+00 -6.88042465851e-01
2.36640083529e+00 -1.49991845051e+00
6.51429902665e+01 5.38462354478e+01
-6.20082104879e-01 -2.98326069390e-01
5.45205161136e-01 5.27101312219e-01
2.52182307776e+00 1.77523467475e-01
-4.38314848321e-01 4.13377415917e-01
5.06826556097e+00 -6.38860115191e-01
-3.05212629513e+01 3.01923901466e+01
-3.12575892839e+00 -6.07766217414e-01
1.77481789196e-01 -6.68957353737e-01
2.78447470695e+00 -2.57168650348e+00
-9.41859528133e+00 -5.42516827637e+00
-7.12298155581e-01 1.63686427495e+00
-1.04283614719e+00 -2.03244212591e+00
-4.08322674723e-01 4.28666954506e-02
5.58340432147e-01 -6.73105515988e-01
8.91804160565e-01 -5.15689254356e-01
1.08964387094e+00 -2.59292778854e-01
-7.49581669540e-02 2.06510482223e-01
9.05900986485e+00 2.42669549738e+00
6.27990981280e-01 4.40086748816e-02
-5.13112476523e-02 6.52768376508e-01
4.72362758911e+00 2.44633775972e+00
-5.11269279103e-02 -6.37563648006e-02
1.36575663005e+00 -5.17855592703e-01
3.26097525649e+00 -7.46629687569e+00
-1.13114538480e+00 7.54780685199e-01
-4.59091060229e-01 2.49387408895e-01
6.92252738698e+00 -2.94281425386e+00
3.68523088461e-01 -4.26839041728e-01
-5.77655223925e+00 -5.44448506851e+00
-1.39547340891e+00 -2.94544168985e-01
-1.22611157701e+00 2.98970579087e-01
-1.47720018260e+00 -1.19444690166e+00
-7.19296906601e+00 6.24960957608e+00
1.25006635079e+00 1.33947513766e+00
-3.50421007780e-02 -8.72755280530e-03
-1.98694602978e+01 5.07802527005e+00
9.87485075410e+00 6.07210753311e+00
-1.02386825878e+00 -3.29140290811e-01
1.39034925363e+00 -6.79196927909e-02
1.49620968980e-01 4.38944674336e-01
1.64263992176e+00 -4.01577780872e-01
4.27154621965e-01 2.13722040424e+00
-3.53521888843e-03 1.42508673555e-01
-3.73864162521e-01 -1.02335883828e+00
-1.87525206894e+00 5.86381895678e-01
-6.55187399771e-02 9.30398098824e-01
4.91420333379e-01 -5.97662463392e+00
3.98367501585e+00 5.86723348066e-01
-2.80275516124e-01 -1.61494638905e+00
1.61093909669e+00 4.50819034641e-02
-5.19370343304e-01 6.66395165717e-01
-1.27307216366e-01 1.27722164049e+00
1.20831304244e+00 -5.45941816486e-02
-6.18952267530e-01 -4.08055568414e-02
-1.24789657738e+00 7.29032472927e-01
-3.39752570473e-01 -4.93598149251e-01
3.00510812459e-01 1.71711273318e+00
-1.51820197046e+00 -5.31589104013e-01
8.21426965677e-01 2.60255660181e+00
4.83636103005e-01 -2.64158509089e+00
-1.13320415669e+00 1.75350554026e-01
1.69546137680e-02 1.44092911605e+00
-4.68006227264e-01 -2.18049188104e-01
5.74886940549e-01 2.89864013615e-01
-7.28199659252e+00 -2.31674915568e+00
-7.09491898032e-01 -7.52418816929e-01
1.39186776058e+00 1.29270005123e+00
3.18133065686e+01 -7.85332207548e+00
-1.56029777647e-01 -7.45838050436e-01
6.22679678334e+00 3.62481586124e+00
1.47748964809e+00 1.59614761979e+00
-2.79968829785e+00 -1.35569080340e+00
1.05871633055e-01 -1.28390413037e+00
4.35204221898e+00 4.51818761565e-01
-2.11686304409e+00 -6.62624618670e-01
-3.54237876579e-01 1.39338364889e+00
5.67460129895e+00 -3.00979677050e+00
-1.47951507472e+00 1.35052464002e+00
3.52372191590e-01 1.70079387259e+00
3.93427324867e+00 1.58365855204e+00
-7.28436912316e-01 -3.30992821861e+00
-2.21407959517e-01 -1.12824746517e+00
6.66128947581e+00 6.69277503594e+00
-6.99687395720e+00 4.87029542181e+00
-1.87014157558e+00 9.95929208098e-01
7.86058369131e-01 1.04714964121e-01
1.08333072960e-01 3.07515672861e-01
8.63917831146e+00 -1.85051978732e+00
2.94527355036e-01 -6.05751535734e-01
7.85198237412e-01 1.60672492806e-01
-4.94577772610e+00 4.42695400242e+00
4.92543078651e-01 3.91170112862e+00
2.36008463907e+00 1.08600037492e+00
-1.89646747777e+01 6.19983780395e+00
-8.31531322614e-01 1.32874507742e+00
-6.87063653314e-01 5.88290795826e-01
1.33123417343e+01 -5.42389642354e+00
2.15971924420e-01 2.36333504136e-01
1.79646856598e+00 -1.28820284078e+00
-5.20168972925e+00 -1.43862670990e+00
-1.64115380892e+01 1.67072817729e+01
7.80542464332e+00 1.01977273029e+01
-6.05269949542e-01 -1.29420415252e+00
3.63688745496e+00 -1.30769856901e+00
-7.13692781993e+00 9.75521437274e-01
7.93537507899e-03 -3.80331265844e-01
-8.51021727690e-01 -9.13366236228e-01
2.51532923089e-01 -1.21365795381e+00
1.61925943828e+00 -1.58030556337e+00
3.20430433143e+00 -9.98001013808e-01
8.25216208499e+00 -7.03424856836e-01
-5.93937738630e-01 1.97557562697e-01
-2.31256601832e+01 -8.87075268319e+00
-1.84866904769e-01 9.43182057311e-01
1.50843482974e+00 9.95470516725e+00
9.84413208355e-01 1.35114786749e-01
-6.78931843001e-03 -6.05246979222e-01
2.17791765119e+00 1.95610269252e+00
-1.96492203187e-01 -1.51228359410e+00
2.45587966373e-01 -4.83561718036e-01
3.05343565687e-01 9.21900357629e-01
3.48868887735e-01 9.66749983015e-01
-1.23681156602e+00 3.41455810593e-01
-2.72271097212e+00 8.77310078297e-01
-5.14937803406e-02 -1.41761159480e-01
2.71149173211e+00 -2.05656949700e+00
4.97793267435e-01 2.10164916050e-02
-3.23541025329e-01 -3.47274220094e-01
9.33179878012e+00 -1.66864762159e-01
1.38006994596e+00 -9.62504184537e-01
-1.00094579577e+00 5.89191992584e-01
-1.45570207535e-01 8.44837851356e-01
2.20267193986e+02 -1.89221920329e+03
-8.51183344309e-02 -3.40560972728e+00
-3.51268454485e+00 -5.01622415897e-01
-7.00170725160e-01 1.15055844568e+00
-4.28947089598e-01 -9.04614811703e-01
-4.19750946762e-01 -3.04275155733e-01
6.46643902118e-01 5.41120943877e-01
4.85791754344e+00 3.16248970509e-01
-6.39363964017e+01 -1.18432420158e+01
5.93681706357e-03 2.76740941363e-01
4.03296014671e-01 2.27984467822e+00
1.79593799860e+00 2.12006497045e+00
-9.88832162226e+00 -8.08082755188e+00
3.94664628040e-01 5.61722477238e-01
6.28342751489e-01 -3.01109776843e-01
-1.20467210069e+00 -8.91990590912e-01
6.20777687115e-01 3.01062404160e-01
2.58605447056e-01 -4.05812172885e-02
-4.04458933468e-01 6.41652306409e-01
-3.04799973675e+00 -3.18090489478e+00
-2.77557577031e-01 -5.78623801722e-01
5.83771820895e+00 9.72502283203e+00
9.07238938389e-01 -1.41436767798e+00
-8.56903272466e+00 -9.02947954949e+00
-1.01429333133e+00 -2.24338712786e+00
1.20631703467e-01 5.89510091522e+00
5.45512217728e-01 -1.11384946681e-01
8.99999866691e-01 -4.30798313766e-01
5.06964669491e-01 1.44128800444e+00
1.08484476884e+00 1.31646022328e-01
1.49022457355e+00 1.80408980687e-01
-2.12534291611e-02 -1.00777193471e+00
-1.73019991267e-01 -1.99173679619e-01
1.04825854747e+00 4.44370508755e+00
5.63581576147e-01 1.37857714071e+00
-1.47926115784e+00 2.87478341970e+00
1.52273285171e+00 6.33195720808e+01
-4.24185122165e+00 -4.22414237810e+00
-7.53023333076e+00 -7.72214270844e+00
1.01006129367e+00 1.18937959976e+00
9.47602218871e-01 -4.88015794916e-01
-9.32796915058e+00 -1.21950328467e-01
-2.05225044644e+00 1.60624493035e+00
5.47595964122e+00 1.84041228790e+01
-4.71707475164e-01 -8.43755580287e-01
2.78077812507e-01 -1.00107803255e-01
4.57357924577e-01 3.99953616713e-01
2.28051163812e+02 7.03872331300e+01
-8.23595042472e-02 7.02726963793e-01
-8.23849153637e-01 -2.26682509566e-02
1.88505502939e+00 -1.22791160170e+00
-2.17610890949e+01 -1.00731157860e+01
-5.70083930211e+00 3.24007098992e-01
-1.60899006164e-01 6.75588480440e-01
-7.19927954695e-01 -3.33301179931e-01
1.11963212310e+00 -7.98876295659e-01
4.47344835684e-02 -3.57559139767e-03
-7.82378674244e-01 2.03786940699e+00
5.39369795695e-01 -1.55132744660e+00
2.40441304893e+00 -6.78565960623e+00
-4.42865199543e-01 -2.96920779402e+00
1.06785267064e+00 3.63073542297e-01
3.35834925574e-02 -2.59310235955e-01
-2.06762861274e+00 -1.82054310355e+00
-1.25967560868e+02 1.28544817907e+02
-5.61858088912e-01 -1.32774669678e+00
2.41149820572e+00 3.41367392411e+00
-8.18058841272e-01 4.23617511337e-01
-6.70819016069e-01 1.15232082108e+00
1.75326914435e+00 -7.84708620600e-01
3.46360980212e-01 -1.54826024806e-01
-1.31651646252e+00 2.05280839273e-01
-3.41248845395e-01 -5.81306374034e-01
2.40775516814e+00 1.29743450627e+00
-2.92711265535e+00 -3.81178860538e-01
2.17841352347e+00 3.85832370958e+00
-5.04674531080e-02 -7.47435815337e-01
-1.18683618293e+00 6.02796403749e+00
-5.92240205925e-03 -2.98607734987e-01
5.18206121052e-01 -4.85930616209e-02
-1.17998558222e+00 1.80040524434e+00
1.40834511565e+00 -2.94662273012e+00
-2.12073085282e+00 -2.63274142486e+00
-4.27603491274e-01 -3.15376787504e-01
1.54623229941e+00 1.28251857045e+00
-3.36939008228e+01 -3.56590973703e+00
-1.32132736102e+00 -5.66742706562e-01
-5.81590327785e-01 -1.08314702743e+00
1.62840295142e+00 -1.18643055418e+00
-6.14313933951e+00 6.92862234896e-01
-4.55118388441e-01 5.38099860176e-01
8.73463186644e-02 -9.02967915409e-02
8.81878705625e-01 -4.91628419445e-01
-1.42479945829e+00 -6.05251386282e-01
-4.44748687030e+00 8.03827411619e+00
7.16860895860e-01 -1.22431588785e-01
5.15054432951e-01 -1.24070746113e-02
-1.69647916986e+00 3.36923230743e-01
7.12631826393e-01 4.33797165421e-02
8.07568768186e+00 1.33340439871e+00
-5.05073223533e+00 -9.98520718828e-01
-1.83275162437e+01 1.19603550156e+02
-8.30324820738e-02 1.04808380859e+00
6.85061869339e-01 9.80576294842e-01
1.07572151043e+00 9.57757685332e-02
-1.54268866979e+00 -3.45466530822e-01
1.10671998124e+00 8.48360741962e-01
5.26349084223e+00 -1.39451244441e+00
-1.37453566044e+00 1.29878854360e+00
5.74165547379e-01 2.76254035233e+00
5.82950589093e+00 4.61221904248e+00
-1.78779252029e-03 -4.34508884626e-01
2.92740902257e-01 -6.69153304926e-01
-1.26692018915e+00 -1.05144351156e+00
1.17968455910e+00 -7.76712273339e-03
-3.43813058082e+00 2.79157768529e+00
3.24380299095e+00 -9.70414492275e-01
-1.41491287244e+00 -1.36083768563e+00
-9.24876848302e-01 2.01914444423e+00
1.38371729311e+00 4.69731316055e+01
-2.13441356277e-01 -4.33765816928e-01
-3.11973684720e-01 2.11533596225e-01
4.47090722482e-01 -1.19317634974e+00
3.36289589857e-01 6.41339015857e-02
-3.60650441621e+01 3.86381436760e+01
8.53735760783e-01 -9.57844278035e-01
-6.37557119592e-01 2.12332563157e+00
2.38067038727e+00 -5.54107909982e-01
1.54768909423e+00 -7.26534292532e-01
8.10295754268e-01 1.92295523176e+00
5.88047684199e-01 6.80307923964e-01
-1.16872045068e+00 -4.30660450884e-01
-2.92854003668e+00 -2.43865572880e+00
6.44777600906e-03 -2.52991546445e-01
-7.74924994677e-01 -2.85448123545e-01
-7.11901303028e+00 -1.69837903174e+01
-6.26245371391e-01 1.07224682786e+01
1.06652586965e+00 5.77994918292e-01
1.88855845279e+00 -2.08894815874e-01
-4.65833935279e+00 -5.53887513967e-01
4.62758069490e-01 -1.05638912380e-01
5.61822048782e-01 -8.76094463493e-01
-7.33864754650e-01 9.88729697766e-01
5.38425384763e-01 -3.14825684540e-01
-2.92456503790e-01 -1.97064881687e-01
1.86008805266e-01 -4.82247042847e-01
9.60945866097e+00 4.87472144104e+00
-1.73306785803e+00 2.17326888421e+00
5.13790008352e-02 -1.22135264510e+00
8.86571530913e-01 7.36894473757e-01
-6.47309831566e+00 -1.95765522908e+00
-4.83326907748e-04 7.83780907375e-01
1.05714369798e+00 -8.96128458664e-01
2.47834724715e+00 2.17403716591e-01
-2.55126758299e+00 -4.13831862155e+00
2.18368571677e-01 -1.07073830247e+00
2.85077005461e+01 3.00451390465e+00
-2.93868676453e-01 -1.95819201354e-01
-6.95618694708e-01 1.48690761678e+00
3.76693629626e+01 -8.82426144274e-01
-1.41935976311e+01 2.74707716412e+00
-1.17077132029e+00 2.35005711039e+00
7.69942069850e-03 5.01025406512e-01
4.02452880052e-01 -5.22714782839e-02
9.49391328899e-01 6.54299500416e-01
-1.22248468923e+00 -9.73382910856e-01
1.20394604205e+00 2.17955518257e+00
7.46924417964e-01 -2.57902578240e-01
-4.49933470391e-01 -1.62427383435e-01
-1.04467285067e+00 1.58885676691e-01
2.14995230316e-01 1.71652282351e+00
8.51693161331e-02 -3.78832051746e-01
1.84205855691e+00 3.01994820434e+00
-3.92756975335e+00 -1.64976976865e+00
-8.28635302943e-01 1.04632161175e+00
-4.83357075769e-01 8.89627924973e-01
-3.65247212915e-01 9.53352063633e-01
-1.41963135232e-01 -1.82138675808e-01
-4.07057018223e+00 2.68961641692e+00
-1.57912399279e-01 -1.09829566370e-01
-5.89104376387e-01 2.07551299962e+00
1.34963642279e-01 -5.43475911099e-01
-9.67904893241e-01 -1.52419303562e+00
2.77479263018e+01 2.75620821436e+00
2.87970111644e+00 5.65564367644e+00
2.82329114751e-01 3.95988123148e-01
3.31394539839e+01 2.59541299433e+00
-2.88023997192e+00 -9.68263801495e-01
5.19855001354e-01 1.07166113562e+00
-3.01584213958e-01 -2.43170446107e-02
-1.20422006472e+01 -8.83284552573e-02
-9.50461780807e-02 4.14811054652e-01
1.46372978094e+01 2.75179888534e+00
7.70747989610e-01 5.83707465537e-01
-1.90347776679e-02 -1.08777481004e+00
2.32912775644e+00 -7.00614731866e+00
8.99287439147e+00 -6.16130097349e-01
4.12672737761e+00 -1.64874678205e+00
8.00863649995e+01 -5.18663462206e+01
4.99938070653e+01 3.08240092048e+01
1.61948416366e+00 -6.69439446548e-01
-4.96959456943e-01 -3.86466086731e-01
-5.91897586260e-01 -3.58644604350e-01
2.50538241166e+00 2.60520871400e+00
-3.47807771256e+00 9.90904991666e-01
2.27803954461e+01 3.61449864097e+01
8.05570908064e-01 -3.72077664648e-01
-4.54695671703e+00 -2.38382543522e+00
-5.40256681537e-01 3.07246795475e+00
-1.71780472271e+00 -3.44685587719e+00
-3.44391440151e+00 -1.49183851365e+00
-4.73544508720e+00 -1.48842011081e+00
-5.67220029659e-01 1.37458488404e-01
-4.44566914372e+00 8.07288958456e+00
-1.11452550644e+03 -5.98610949002e+02
-7.70414884516e-01 -1.23006798351e+00
-1.85226803963e-01 3.22081202661e-02
6.26658421827e+00 9.29481292297e+01
9.36222025930e-02 -4.46038237065e-01
2.43037809003e+00 4.71535533633e-01
-1.65161679227e-01 -1.05293350113e+00
1.70383323914e+01 -3.38299254446e+01
1.25260897138e+01 -3.55588471628e+00
2.23550564374e-01 1.03144961127e+00
1.76282518962e+00 3.01695459909e-01
2.34275745404e+00 -3.93088064356e-01
1.11553786880e+00 9.37976198560e-01
-2.72995737128e-01 3.32875889587e-01
1.59060314392e+00 -3.10867297802e+00
3.62317050033e-01 -5.03585686226e-01
2.13701608869e+00 -3.74260422588e-01
-2.19539946842e+00 -1.82448258521e+00
2.05520036627e+00 4.61972057155e+00
-1.62335414271e-01 -1.67367228807e+00
8.82367222057e-01 1.41267868222e+00
-3.67150490444e-01 -2.10022866614e-01
-2.16789986145e+00 2.86715839997e-01
-2.83260323950e+00 3.84792238044e+00
-8.20224077080e-01 -5.05616143259e-01
1.33616304544e-02 2.37409911594e+00
-3.80776297919e-01 -3.30459180670e-02
-8.03386751506e-01 -1.26016506710e+00
1.05704871900e+00 -9.30256660366e-03
-7.02003648746e+00 2.12279168194e+00
1.68397522371e+00 -6.70821518018e-01
-8.89155649312e-01 -7.65844507744e-01
-1.04033203540e+00 -1.32459448147e-01
2.40595222332e-01 -6.65776304221e-01
-2.66934960133e-01 -1.12438999243e+00
-2.33124791476e+00 -4.60929332217e-01
6.25882068105e-01 -1.97706117496e+00
1.11246164521e-01 9.12771794791e-01
1.84114107465e+00 -2.97238163539e-01
-1.03226691997e-02 -3.39803155770e-01
1.36827326052e-01 6.31146327845e-01
-1.64956958201e+00 -5.21989756838e-01
7.75669308500e-01 3.67062011436e-01
-3.84379478679e-01 -1.82848214693e-01
2.53475864811e-01 -6.67515604145e-01
-1.00181373677e+00 -2.79830902441e+00
5.54233545921e-01 -3.25121364515e-01
2.79117863904e-04 2.51494042255e-01
1.84761584703e+00 3.62137759122e+00
-1.42936943749e+00 -2.77480595981e+00
-4.06227119394e-01 7.76007753680e-01
2.65323506390e-01 -3.98073550208e-01
7.63696607411e-01 -9.64962593609e-01
1.36330713893e+01 -6.75791330845e+00
-1.76427287234e-01 7.35122026907e-02
2.29083000356e+01 1.69313153374e+01
2.92810612347e+00 3.73763702289e-01
-1.31827202011e+00 -8.71437736094e-02
3.48003843849e-01 1.37225807074e-01
-8.91096695473e-01 -7.41524318800e-01
-1.02725541380e+00 -5.55997389123e-03
3.87126735305e-01 -9.79236274774e-01
1.99477961055e+00 6.47817927595e+00
1.70681893780e+00 -7.57845307021e-01
-1.12300056610e-01 -4.85243449054e-01
5.98024959676e-01 3.11396230911e-01
4.19855077576e+00 -1.05372174970e+00
1.29429843057e+00 -4.70775731917e-01
-8.06342842088e-01 -3.36837382698e-01
-3.48172224669e-01 -1.50597398425e-01
9.02078895215e-01 -2.18215451508e+00
1.35272340830e+00 6.43333950607e-01
-4.12702779556e-01 5.15916289672e-01
3.32237017864e+00 -8.36837118606e+00
7.52603125285e-01 8.38929802646e-01
-4.32487160258e+00 -4.48123978310e+00
-1.63246549423e+00 -4.39497331108e+00
2.67825243223e-01 -7.00826704850e-02
-4.66587219390e-01 -5.64580908263e-01
-1.16013362932e+00 -4.52609960059e-01
-1.79637335656e+00 3.16007022992e+00
4.47935823714e-01 4.65475200806e-01
-1.83083428593e+00 4.34745683531e-01
-1.48314958631e+00 2.49969043688e+00
7.07051775127e-02 -1.06447572270e+00
8.31025141807e+00 7.92895497976e+00
-5.35596321101e-01 -2.15441868415e-01
7.67361471016e+00 9.33773441341e+00
-1.34092514858e+00 -1.41900061510e+00
-3.20054253833e+00 3.35501806481e+00
1.32072131642e+00 1.29383854016e+00
8.55062535554e-01 2.56149022736e-01
3.43092724226e-01 1.10260401591e+00
-2.12458923043e+00 2.21697389871e+00
3.02514067614e-01 -1.24980580097e-01
1.88897627401e-02 6.48962608392e-01
5.29563307477e-01 2.07315575082e-01
7.13021208591e-01 5.48267364954e-01
-3.34345393341e+01 -5.05873285384e+01
2.15345609614e-01 1.27127294043e-01
-1.36353974464e+00 3.59603101884e+00
-3.38792389932e-01 5.17302251353e-01
-8.32137107700e-01 -2.59177047068e-01
-2.46825795357e+00 3.37712501641e+00
-2.83662645982e+00 -1.35951603994e+00
-2.60506508166e-01 4.65907589222e-01
-5.89112415724e-01 7.98417788355e-01
-3.25457929463e-02 1.30889328384e-01
3.21611766626e-02 3.62165179598e-01
4.11390891408e-02 -7.07892794585e-02
-5.05996121886e-01 9.55704019471e-01
8.45261486624e-02 -1.19629274615e+00
1.78152879918e+00 3.48820094894e-01
2.31185899647e+00 2.23857222749e+00
1.69480626848e+00 -3.19559230565e-02
-8.05510933377e-02 -5.70517730871e-01
2.70733308327e+01 -8.72809581195e+00
2.50849345854e+00 -1.69840609034e-01
-1.93780835470e+00 3.05379164316e-01
-8.20007804818e-01 5.82052576892e-01
8.18038592839e-01 1.45497410998e+00
-2.71394419827e+00 -3.04843497113e+01
-1.99234652686e+00 -2.02678269353e+00
-4.08460509397e+00 -2.28018907967e+00
1.59122960033e+00 -1.50896919833e+00
1.58229397373e-01 -7.58646147698e+00
-1.36271801223e+00 1.20173173642e+00
1.81286596198e+00 1.32983245765e+00
4.78916170685e+00 1.06885643347e+00
-8.71183430311e-01 -9.13110024977e-01
-3.39160077215e-01 -1.10425956652e+00
2.07058494336e+00 -1.58763222098e+00
5.40008507458e-01 -6.84641517623e+00
-4.03478513139e+00 4.36234849284e-01
-3.81403357396e+00 -1.58143143304e+00
-1.28963637895e+00 9.96672729919e-01
1.23392749940e+00 -2.27844291168e+00
-7.08605448792e-01 -2.69668185694e+00
6.70603833961e-01 3.97124451928e+00
1.55004804721e+00 -3.59867340564e-01
-1.43974173922e+00 -2.07775231888e+00
1.06446864329e+00 1.63932048574e-01
1.70420560337e+00 1.38655845015e+00
-1.91097205222e-01 -7.89508755919e-01
1.33956724500e+01 -1.51168654076e+01
1.20950457152e+00 2.42018172563e-01
-9.08705021872e-01 -1.56484619444e+00
6.49585180786e+00 4.09419763663e+00
-7.92455785593e-01 -6.14866147940e-01
2.40198392474e+00 1.03206927881e+00
-4.38628607633e-01 2.20721297181e+00
-2.10335509114e+00 2.46148419831e+00
5.81712713472e-01 1.79016158090e+00
3.47510595192e+00 7.18948906627e-01
1.39474706173e+00 2.64027300238e+00
-3.60019171408e-01 -5.13690485737e-01
-2.41958022946e+00 1.48451183148e-02
7.86775145439e+00 2.18614603053e-01
-2.19303169651e+00 1.12637896085e+00
-1.05280320451e+00 -1.30725040482e+00
4.45296232976e+02 -5.26417462292e+02
-1.47950585414e+00 5.62722159977e+00
-4.08522993837e-01 -7.83090704714e-01
-2.04500629423e+00 3.96928331263e+00
1.58529295351e+00 -1.94811682568e+00
3.01031617982e+00 9.56338084471e+00
4.93115782628e-01 -4.53673348202e-01
-4.36098510706e-01 1.79498717204e+00
-1.19502643956e+00 -6.48344398317e-01
4.94487161137e-01 1.40439664203e-01
5.36645196589e-01 -2.23128417594e+00
1.15144721977e+00 4.21490312285e+01
-1.80914654887e+00 -1.25419609403e+00
1.10774562152e+01 -1.58785472754e+00
1.48372719192e+00 -8.42276666993e-01
5.25332434755e-01 -7.67041337653e-01
-5.93528072874e-02 4.63293481776e-01
-9.31583469035e-01 -2.32444304100e-01
-1.25980892330e+00 -1.61006582048e+00
-9.18059012374e-01 -2.01031339734e+00
-6.65262574721e-01 -2.72865691074e+00
-5.12318824545e+00 -2.40304950850e+00
7.81031554185e-01 -1.71621995356e+00
1.53799628183e+01 -4.83083005097e-01
-1.40285106530e+00 -6.45035133223e+00
-4.70292825034e+00 1.59747066910e+00
1.01196626543e+00 8.41084903406e-01
1.85206625720e-01 1.10751534333e+00
5.42957799286e+00 -2.27551183582e+01
-1.01846761404e+01 5.85187055884e+00
-3.04350046517e-01 -1.51983128718e+00
-6.06753129576e+00 -4.64366299302e+00
-4.38352502445e-01 -2.02084810346e-01
1.62864650997e+01 -1.99998623563e+01
4.25901792488e-02 -4.50048386984e-01
-7.05780574461e+00 -1.45819454466e+01
-4.07841208504e+00 -4.99730320057e-01
3.44059980558e+00 -1.06113078212e+00
4.27644131936e-01 -7.84994805185e-01
-3.89912910477e+00 3.23622933648e+01
-3.25558087232e-01 4.07089856179e-01
3.03912586115e+00 -1.30638996456e+00
2.69550135692e+00 5.10101555103e-01
5.64262021115e-01 -5.32391349586e-01
5.86654369128e-01 -1.06393379552e+00
-4.74744820761e+00 -5.62413090882e+00
-7.42656349641e+00 -1.49422929747e+00
2.39770981557e+00 4.11635797334e+00
1.08494653721e-02 -6.78031243378e-01
-4.42679796166e+00 -7.62445575264e+00
-3.91706013391e+00 -2.68538423526e+00
1.39374644060e+01 -9.26749871769e+00
-4.32063439306e-01 -3.96548886363e+00
3.39653776089e+00 1.25726399382e+01
1.67484319596e+00 6.61148393263e-01
-2.43669209845e+02 -1.20921181858e+03
-1.02096718711e+00 -5.84968810504e-01
-1.09554981930e+00 5.73329003185e-01
-1.50684497700e+00 -8.03176293181e-01
4.45316399618e-01 -2.61410946572e-03
-4.29069267246e+00 -1.25930238224e+00
-1.55313420243e+02 -1.26713814626e+01
-7.56721213934e-01 6.76014035294e-01
1.43445779109e+00 2.51282702474e-01
-4.64173205645e-01 -5.36210168516e-01
-5.41943463097e+00 -1.00131652240e+00
-1.05294322315e-01 -4.89124996023e-01
3.11777442100e+00 2.90266166419e+00
-1.27650357840e+00 -2.65851568879e-01
-2.37162603108e+00 1.39419738443e-02
-3.63525732952e+00 1.77827693530e+00
6.23971051799e-01 2.92007528953e-01
-7.85146245567e-02 -6.49473376645e-01
-9.05157331176e+01 6.98020581479e+01
-1.40507179121e+00 -5.39999280971e-01
2.55740584217e+00 -5.96545587371e-01
-4.59005261162e-02 1.11913961365e+00
-3.39837198407e+00 -8.68773363150e-01
-6.06532959852e-01 1.01792102638e+00
5.07961599622e+00 9.18527785424e+00
3.37962606209e-01 -9.39589897238e-01
1.49020140020e+01 -5.36990085912e+01
6.76344471425e-01 -1.89902032284e+00
-2.28983571216e+00 -4.22846113197e-01
1.79285139967e+01 1.93912767547e+01
-1.27563012184e+00 -1.21823894088e+00
-1.22258346248e+00 2.28176371392e+00
-2.28932851441e+00 -6.77883435942e-01
8.60853080802e-01 1.38320061102e+00
-9.83091309887e+00 7.87725437263e+00
2.79893299479e+00 -5.30255461953e-01
-8.33387610069e+00 2.27023253699e+00
4.21925119822e+00 5.62793255408e-01
-2.77465233821e+00 -5.09812763377e+00
-5.08298665623e-01 3.69378148023e-01
-1.38799626266e+00 8.76694593860e-01
4.33135766202e+00 1.76824825297e+00
3.02968480150e-01 1.59135397608e+00
-6.10353488035e+00 -9.85064242973e-01
1.32803729018e+00 6.58353865572e-01
1.98109674380e-01 1.06008206990e+00
-8.02193801339e-01 5.62053915723e-01
-6.12658467439e-01 6.02847662587e-01
2.67245942713e+00 8.76285632701e-02
7.61568456571e-01 -2.79576157770e-01
-1.92071364306e+00 5.31472841555e+00
-2.88498701685e+00 -2.34746924677e+00
-3.35107020475e+00 3.78848629375e+00
1.18076097675e+00 -2.50188454916e+00
-2.64982946282e-02 5.60590787798e-01
3.07818891427e-01 -8.69096489023e-01
-1.93162171410e-01 -6.05144821427e-01
8.44894724298e+00 -3.74840816284e+00
6.45171754495e-01 1.41061936324e+00
4.36320299212e-01 6.40736809425e-01
7.69641735629e-01 4.42250032515e-01
-8.19402563304e-01 -1.24053474598e+00
4.51111047017e+00 -1.12567366710e+01
-1.89045768905e+00 3.73492803388e+00
1.74238572737e+00 3.39915366561e-01
7.93718744975e-01 3.07820946526e-01
1.11445031792e+00 2.80514058280e+00
-6.65987524752e-01 -1.17879660718e+00
-2.42177133795e+00 -1.41641805678e+00
2.35175633638e-01 -3.54766470563e-01
2.08130234271e+01 1.98423409814e+01
-2.07127029563e-01 7.85034200847e-01
-8.06434040659e-01 2.08670415666e-01
-1.46375655867e+00 9.05906237575e-01
1.64164938637e+01 -2.52359470164e+00
-9.49738397272e-01 -6.77642042769e-02
-4.43952039118e+00 -6.95072830199e-01
5.22926423058e-02 -5.54919773942e-02
1.69335672200e-01 2.99580207873e+00
-6.39011453608e+00 4.67562885352e+00
-4.83385424412e+01 5.96388021388e+01
-1.76595719838e-01 3.21395661389e-01
1.21957360192e+00 -4.21293894632e-01
-1.16791045006e+01 5.65464471439e+00
-8.00329693420e-01 4.59140962708e-01
2.98197600981e-01 -4.38200487044e-01
4.57737389324e-01 -1.30444551216e+00
2.66268156039e-01 5.66318991379e-01
1.74641588232e-01 -8.98990643060e-01
1.85722113750e+00 -7.71688111248e-01
5.86983392906e+00 2.62446805485e+01
9.73212988880e-01 1.76535438606e-02
-1.33101667858e+00 -3.92104823827e-01
-1.13719035806e+00 2.47380364692e+00
-1.87241395338e+00 5.51277982755e-01
-4.37905412672e-01 -3.81374829222e-01
3.10910301619e+00 1.87226373398e+00
7.50591031268e-01 3.29626498757e-02
1.37159421260e+00 3.40310382557e-01
5.13971972553e-01 -7.11175915509e-01
-1.32296523429e+00 -8.00066276932e-01
4.86795242687e+00 -6.29558780942e+00
6.02125294911e-01 -7.06463521385e-01
2.85764311499e+00 -4.26687855630e+00
-1.59425176931e+00 5.56361019354e+00
-2.03146615215e+00 -9.92823826081e-01
9.08809325379e-01 -5.37283054232e-01
1.22340544257e+00 1.22810129463e+00
-1.34283744957e+01 1.21130117604e+01
-1.78796662193e+00 5.93503536539e-01
2.58799664025e+00 6.10353646003e-02
9.10494488532e-01 1.19619542188e+00
-1.31838280262e+00 -9.93021507066e-01
-1.32138955388e-01 6.91719456018e-01
4.06470748551e-01 -2.12104570993e-01
1.22184225245e+00 1.28308719358e+00
-6.86257379025e-02 5.84121079935e-01
-9.73614303082e-01 2.28608817528e-01
-4.55754811943e+01 1.76142144276e+01
1.94892038086e+00 1.32959600827e+00
5.29630899579e+00 -4.30285234093e+00
-5.04380085475e-01 -4.84825805104e+00
-5.82296192152e+00 3.45262527694e-01
-1.31909309197e+01 9.62648540611e+00
3.72362689887e+00 -3.43054457809e+00
1.12915718322e+00 7.85925807132e-02
-3.46380029324e-01 4.55825605497e-01
-1.64158673058e+00 -1.55946624474e+00
-1.82515663021e-01 -1.76300083790e+00
8.09450894995e-01 -3.63059374549e-01
2.03786735935e+00 -1.68963455433e+00
1.39532981872e+00 -1.90811728163e-01
7.93722344360e+00 4.49247723507e+01
-8.23329147353e-01 -7.43202617447e-02
1.01094127249e+02 5.06061993224e+01
2.23231144648e+00 1.15516604609e+00
-5.19497743088e-01 -1.53879022276e+00
-5.53759976029e-01 -6.63603144572e-01
-4.73731794825e-01 -7.92970153345e-02
3.20987401435e+01 1.36380492034e+01
1.34810089971e-01 7.59718517047e-01
-7.50591159250e-01 -6.44226384722e-01
1.62190493094e+00 1.02338390931e+01
2.00077588338e+00 -1.23567694775e+01
6.10496409239e+00 -2.02685835912e+00
-2.82076676585e+00 1.40585377209e+00
-1.95760308420e+00 -2.71747194912e+00
-1.78141424833e+00 -6.48335147328e-01
-8.60661082744e-01 1.74440569811e+00
-5.01743123662e-01 2.80439795203e+00
-2.18927933295e-01 -8.24748346274e-01
-6.85299833543e+00 1.55669056365e+00
6.22254251067e+00 3.57280874779e-01
9.66267443948e+01 1.33562832998e+00
4.44326945370e-01 -9.10815344453e-01
-2.26438391503e+00 -4.31922793634e-01
3.23166125222e+02 -1.36263117791e+02
1.93446705237e-01 -6.61853964324e-01
4.41445731209e-01 7.10303903553e-01
1.34553660201e-01 -2.72595622640e-01
1.65488111376e+00 -3.60807829195e+00
-6.06529508754e-01 3.37833526552e-01
2.13167210348e-02 -1.15604543878e-02
8.29380832383e-01 -1.42832172226e-01
1.68536777907e+00 -1.31059155508e+00
-1.85896706877e-01 8.12962284621e-01
-2.22154530624e+00 -3.19232092831e+00
1.68263412227e+00 8.73566635156e-01
4.47505643556e-01 -4.55038478343e-02
3.81545632979e-01 -1.33814600493e+00
-1.46687896952e+00 2.40678588341e+00
1.36673345202e+00 9.28349579734e-01
5.69366207663e-01 -5.97692693642e-02
-2.32802447857e+00 7.72107369382e+00
-6.56164603270e-01 3.29806047432e-01
-4.62934981175e+00 3.96817842492e+00
-4.31953500584e-01 1.62976297217e-01
9.02462823139e-01 1.51683625961e+00
-8.22758147330e-01 -3.55606743633e-01
9.76261586424e-01 -1.92183393186e+00
-2.13650168683e+00 1.15822659128e+00
4.96343621078e+00 3.45665768904e+00
-5.58215084383e-01 -1.14111914555e+00
-1.66686343195e+00 -2.55553521203e+00
1.92064645431e-02 7.12828825862e-01
4.12405870359e+00 9.14695085846e-01
2.82169238884e+00 -3.56219978581e+00
3.07799278430e-01 -1.09289511020e+00
-4.68311997845e-01 6.45384718635e-01
1.04855763362e+01 7.15287703384e+00
3.05259066106e-01 1.15516121335e+00
-1.59344286009e+00 -9.17915569098e-01
-3.66677117788e+00 -6.45924556859e-01
1.36806683628e+00 8.96026895405e-01
3.67904619563e-01 6.29730255503e-01
-1.98094274903e+00 2.27324011265e-01
1.66456826277e+00 -2.81083529157e-01
3.88049287945e+00 1.06157596918e+00
-2.19695395435e-01 1.33922942181e+00
2.38195210528e+00 1.68337116462e+00
2.03634017127e-01 -5.35982594241e-01
5.35551444693e-01 -2.04753533844e+00
-1.71062376380e+00 1.76519956350e+00
9.69929201950e+00 1.14700388646e+01
-1.15564661661e+01 -1.18868544053e+01
-2.64798996332e+00 2.92439385481e+00
-9.86883383839e-01 1.32967661753e+00
-2.24231297462e+00 8.04030558319e+00
6.71891292917e-01 1.01803302858e+00
1.97719136057e+01 4.97886478199e+00
1.12183712860e+00 -1.08335941611e+00
-5.35841125594e-01 1.10915397311e-01
1.37229207286e+00 8.76754664000e-01
2.05663037320e+01 8.75361080777e+00
1.57015197140e-01 -5.36028048529e-01
-1.17732609793e+00 -1.26171076911e+00
1.08146919391e+00 -2.94177703426e-01
1.49099590117e-01 -4.62170351832e-01
-1.21581928278e+00 -1.50291053241e+00
-2.43063523967e+00 7.63021368036e-01
-1.86598526955e+00 -3.02873984743e+00
-2.66187724960e-01 -1.62394954409e+00
-1.41943252231e+02 2.69873213916e+02
-5.39229130448e-01 9.00503443809e-01
-4.52518499712e+00 -5.89491544967e+00
-1.68329418624e+01 -5.54034377538e+00
2.30156391931e+01 1.54958234159e+01
-1.49732658834e+00 -1.00499243364e+00
-1.57857701641e+00 -1.62633283871e+00
-3.73054799185e+00 1.49755920249e+00
2.26383963150e+00 2.82871188768e+00
-4.69861426023e+00 -1.41267622684e+00
-4.13772675680e+00 -9.85024103072e-01
6.74383292349e-01 -3.11772388663e-02
-3.86339957232e-01 -4.82571598732e-01
4.94884451649e-01 2.67394373465e-01
2.27858573411e+00 -2.40231185886e+00
-4.48237036449e-01 -7.26381690051e-02
-2.08793441310e+00 1.31221882411e+00
1.09691384603e+00 -2.39038180480e+00
-2.70824551256e-01 2.56529947047e+00
-1.40448611577e+00 2.83319635652e+00
-1.33019585622e+00 -1.13328435925e+00
3.01766255334e+00 1.13409614751e+01
-1.40458704334e-01 -8.09012238028e-02
1.03616170251e+00 -4.20591768185e-01
1.60114460509e-01 5.24346379701e-01
-3.62610390801e+00 4.17710902533e+00
-7.60562164369e-01 -2.51018058189e-01
-7.42901309826e-01 1.32305987621e+00
5.64667939545e-01 1.78412214791e+00
1.46272325725e+00 6.76370509299e+00
-2.55110510103e-01 -3.10175207653e-01
1.10962399129e+00 2.43323160117e-02
4.07550308410e-01 2.70541026673e-01
3.08429494331e-01 -6.31266937770e-01
-4.95674985133e-01 -3.46327018585e-01
-4.71973719764e-01 8.24983606976e-01
6.79740384512e-01 -2.02169455707e+00
8.78237396121e-01 -2.62258672566e-01
-2.53410850603e+00 9.97140918237e-01
1.48213865226e+01 1.13204015527e+00
2.06672669813e+01 -1.46758194783e+00
-7.30978839204e-01 -7.28656471757e-01
-6.90090490996e+01 1.47074005114e+01
-1.46666986859e+00 -2.31708632982e-01
2.36494770650e-01 -2.88182219520e-01
8.25288042315e-02 -8.15890489722e-01
4.38679445187e+00 -1.37210502055e+00
5.67941796572e-02 -1.37081408423e-01
-1.33513292603e+01 2.89268263380e+01
2.97231367723e+00 -1.09204345166e+00
9.17090696615e-01 -6.87459211304e-01
-1.76632327087e+00 -5.88224909289e-01
-2.15717448458e+00 1.57123916943e+00
2.13947130252e+00 -3.93719115816e+00
2.82102099935e+00 1.79971999511e+00
-2.62135891802e-02 -1.50548504179e-01
5.08371594061e-01 -1.75154173147e-01
-1.19293792993e+00 2.46367918048e-01
-9.42551104915e+01 6.22858308966e+01
-7.19503742878e-01 -6.01490947630e-01
3.62110821799e-01 1.99411719910e-01
3.17544421008e-01 3.33877216023e-01
-1.36811144086e+00 -3.94575164086e+00
-7.43189523987e-01 -9.90916556723e-01
7.18641464347e-01 8.35303460135e-02
-7.89588314304e-02 6.52932897162e+00
3.88455150135e+00 6.09423749637e-01
-1.75957066604e-01 1.53669297796e+00
-5.19787872598e-01 1.62756189006e+00
5.15361726798e+00 -3.59743578996e+00
5.95004809129e-01 -2.61552268469e+00
-8.50972848647e-01 -7.96871037573e-01
-1.35433456421e-01 -1.05051572479e-01
-3.76435834411e-01 9.91712046792e-01
7.03203017142e-01 -4.30817029637e-01
1.17206881000e+00 1.09447763380e+00
1.41568013241e-01 5.03864475196e-01
-7.29948295862e-01 6.72932885687e-01
1.31841480307e+01 5.26466436230e+00
-1.36716937253e+01 5.21873912408e+00
1.59835704645e+00 3.03871032862e+00
-3.83875486354e+00 -2.72855480011e+00
5.52967900218e+00 -9.41561218489e-02
7.01344032760e+00 2.27675822851e-02
1.09136737403e+00 1.73307523482e-01
-7.08287680204e+00 -7.99230327884e+00
9.32551814863e-01 -2.71404634553e-02
2.59868419763e+00 -1.31227269561e+00
2.02185240441e-01 -7.16501107370e-01
-5.67391585090e-01 4.62313705726e-02
6.82396937051e-02 4.22985985534e-01
7.21194612095e-01 2.10949856616e-01
-3.60349938645e-01 1.36297061715e-01
4.60342094871e+00 -1.62816514105e-02
-6.16546994397e-02 8.74135239129e-01
-2.04972617633e+00 7.34260918472e-01
-2.55570294650e-02 -7.03685136183e-01
-2.57356702871e-01 -6.20852848109e-01
-7.30525410881e+01 -7.49055990312e+00
3.97694733456e+00 -5.95718709612e+00
-5.54425523713e-02 -2.12095600344e+01
-2.16948739145e+00 -9.18681162976e-01
-2.95903340248e-01 3.58844813830e+00
4.08698060174e-01 -5.43928231891e-01
-3.54350052709e+01 -9.72430174855e-01
1.72960127358e-01 -1.04845898691e-02
-9.38128177903e-01 5.98687625757e+00
1.75885041324e+00 -5.93399294250e+00
-1.26024477583e+00 -7.73451315043e-01
1.83350901376e-01 -1.36202687088e-01
-7.68999793914e-01 6.65660066379e-01
-1.10800061407e+01 -4.10070688602e+01
-6.75017025835e-01 1.38233572008e-02
5.39853004102e-01 -3.65937676872e-02
-1.67761862655e+00 1.97658104894e+00
-4.48307195946e+00 2.24418530980e+00
5.70568318682e-02 -3.37557067621e-01
3.12561004604e-01 -8.00837054042e-01
-4.44668639170e+00 -2.68411072670e+00
2.98138230977e+00 1.84320847684e-01
1.78536391399e+00 1.24924547916e+00
-2.46788362827e+00 -3.89080250161e+00
1.90904375183e+00 -1.46529633645e+00
7.93969596353e-01 -2.72698706493e+00
3.78434216202e+00 -1.37814088232e+00
2.14611471516e-01 -2.28617580665e-01
7.45405271199e-01 -9.96936403873e-01
2.97908494843e-01 -8.83503434022e-01
-7.51693119558e-02 7.23901644879e-01
-8.92249370271e-01 -4.66336429863e+00
-7.71192172669e-01 4.32900604306e-01
-4.10110190332e+00 -1.90845733790e+00
2.93937504305e-01 -9.78153240364e-01
-3.98688585279e+00 -1.75537565008e+00
-8.89720005003e-01 5.95871892307e-01
-1.21918812665e+00 -9.39319952125e-01
3.10790390972e+00 -2.93350772422e-01
-1.02636551594e+00 -1.22303290387e+00
1.08366064082e+00 3.76559086103e+00
-1.77326663575e+00 5.45568856641e-01
-1.49013574946e+00 -2.00410046736e+00
-2.31378179205e+00 5.95171274604e-01
1.73664059408e+00 -1.50876192212e+00
1.84617920967e-01 -6.32477912135e-01
-1.51189974133e+00 -8.76486563095e-01
2.28268467465e-01 -1.52380463047e-02
5.78906837174e-01 -5.72168476742e-01
-8.39941063665e-01 1.03002875018e+00
1.57009221973e+00 -2.13612954487e-01
9.00676382595e+00 7.32121590101e+00
1.53819204091e+00 -7.37804793139e+00
-1.22138713153e+00 -2.15724052325e+00
-4.94708331900e+01 -2.65905005112e+01
9.88771857616e-01 -4.65492446035e-01
-4.22123553363e+00 1.06827708293e+01
1.90694087442e+00 1.61006753219e+00
9.95621428604e-01 1.40003842368e+00
-1.12367724129e+00 1.60741732685e+00
1.07174022317e-01 -2.90385019078e+00
-2.83195898700e+00 -9.12188310062e-01
1.71989294102e-01 -5.27866933512e-01
-1.36323318057e+00 -1.08914230375e+00
-1.24448054804e+00 -6.75399949025e+00
-1.32803065127e-01 4.73410221368e-01
-3.68369753349e+00 1.89617842085e-01
1.47264606078e-02 1.15073443781e+00
-3.09498117361e-01 8.43885899429e-01
-1.93086779703e+01 -1.72243931936e+01
3.92844629931e+00 -1.35649455893e-02
-1.09994145810e+00 -9.16872775175e-01
-6.51001548957e+00 4.39564924752e+00
3.49082027391e+00 2.33886576945e+00
-1.24590561568e-01 -3.63823205432e-01
-5.40534891322e-01 7.61455309186e-02
8.65140677121e-01 -1.15243144648e-01
-1.81134305845e-01 1.82519351043e-01
1.54996549327e+00 -3.17079312944e+00
3.22531209527e+00 3.68828079961e+00
-1.30133001979e+00 -3.16996445427e-01
1.07715465365e+00 2.32437974426e-01
-9.52365924468e+00 8.52733280372e+00
3.74763878379e-01 6.07471875429e-01
-5.41442878078e+00 -3.26160958815e+00
6.86439686524e+00 -2.10897032614e+00
-4.91474393535e-01 5.93155684387e-01
-6.52807201937e+00 -4.45571027921e+00
3.51486245252e+00 1.23521735751e+01
8.85856477092e-02 2.39150496071e+00
-1.61710064657e+00 1.06222257962e+00
9.46742608731e-01 -1.92634501668e-01
-8.50088869114e-02 5.94466296889e-01
-7.75267786499e-01 1.99272808261e+00
-7.29795754667e-01 -1.45889230529e+00
-1.05477372081e+00 -7.41380346250e-01
6.28454128516e-01 -8.10954861485e-01
6.15434439675e+00 1.29580303289e+01
-8.01904754705e-01 -7.29865506875e-01
1.58999371806e+03 4.04011924549e+02
7.86168786264e-01 -3.49401467814e+00
-3.33047980642e-02 3.61505572461e-01
-2.78822950169e-01 -2.15768221776e-01
8.39149395231e+00 -4.38315000955e-01
-8.09296454525e-01 5.43232912606e+00
-4.24965662573e-01 6.31099969745e-01
-8.66211754900e+00 1.38478820242e+01
8.71758089080e-02 3.15390845381e-01
9.41903721162e-01 9.54942946193e-02
1.26432308142e+00 1.66832355919e+00
5.42219798320e-01 3.82075919988e-01
-8.41127604689e-02 1.20161771332e+00
-2.05964529977e+00 1.81610606849e+00
-1.94456466415e+00 5.66241719085e-01
8.03956795194e-01 -9.94773142762e-01
-4.16658927755e+00 -4.61185799446e+00
-3.02803428859e+00 2.14501152773e+00
3.31976776920e-01 3.57657953146e-02
6.07378143200e-02 -3.99203963699e-01
-7.80948994017e-01 -3.39426407620e-01
1.46725898214e-01 1.93442089222e-01
1.03685599621e+00 6.07111988135e-01
4.70948360918e-01 1.19597816902e+00
1.13564802977e+01 -4.31340728684e+00
4.84268602139e-02 -6.21473766066e-01
2.31004697914e+00 1.46250709454e+01
-2.58577433283e-01 6.28190770720e-01
-2.76595869881e-01 4.49384154085e-01
-1.75621933971e-01 -1.11479037339e-01
3.58265914044e+00 -4.08889668583e+00
5.01013671101e-01 -3.22660743551e+00
-1.56257777643e+00 3.90319083599e+00
-1.67292634073e+00 -3.36572747263e-02
4.32545737998e+00 -2.85928499295e+00
-1.48339894590e+00 1.91817733291e+00
-1.09243058499e+00 -7.56241557509e-01
2.18891699475e+00 2.36124099104e+00
2.21800239448e+00 -7.20009216293e+00
-4.52453767527e+00 -4.73845917357e+00
4.47011798396e+00 -3.85617278871e-03
7.81872353691e-01 1.48901819675e+01
-1.22859009709e-01 -6.12877521211e-01
-2.27983399028e+00 3.60489923018e+00
8.84141217262e-02 3.65457919220e-01
-1.11367326041e-02 5.53240688035e-01
6.16319380693e-01 -1.85244682691e+00
1.17900646454e+01 3.07809120146e-01
1.98512078707e+00 -5.96085745223e+00
-9.82034192673e-01 5.49663632091e-01
-4.62730996679e-01 1.07654366922e+00
2.90204832321e+01 8.15503382536e+00
8.51470898668e-01 -1.84789953316e+00
-7.00101782752e+00 5.02300008445e-01
8.26756982052e-01 2.74954158545e-01
1.94255247583e-01 -4.85851611365e-02
-3.52068695998e-01 3.17334358950e-01
-3.16366791773e-01 -8.43439251131e-01
6.65119206212e-01 1.55238341032e+00
1.53910871523e-03 -4.66368638525e-01
4.46890644237e-01 2.01959229851e+00
-5.18250023071e-01 1.24992715238e+00
-3.27561772258e-01 -4.60328516512e-01
4.65438243950e+00 8.06269040595e-01
-7.29666816062e-01 5.14006324628e+00
-2.00356087179e+00 -2.15443869974e+00
-3.16474830599e+02 2.77334198143e+02
1.44817074509e+00 -1.89949957231e+00
-2.05142018592e+00 -1.23285697187e+00
-3.27345784564e+01 -3.72231115169e+01
1.55218705777e+00 -7.50220228007e-02
5.81979241041e-01 1.65173117120e+01
-2.40308687326e+00 6.52567837544e-01
1.64949870080e+00 6.87805250155e-01
2.95506750702e+00 1.10660170584e+00
-1.97572895181e+00 7.80251032861e+00
-1.11209977669e+01 -1.38323971849e+00
2.87350955720e+00 3.31715565802e+00
6.35959410257e-01 5.35844086073e-01
-9.53459890233e-01 5.04374063581e-01
2.97861943079e+00 2.85168862658e+01
1.15798314175e+01 1.11865858055e+01
-2.26071792596e-01 1.07600020730e-01
-3.69213900786e+00 1.46984689339e-01
-1.24139331925e+00 -8.60810480173e-02
-6.89937133643e-01 4.18698841732e-01
-5.10123598064e+00 -4.93463674997e+00
3.64407409674e+00 7.20120289626e-01
1.09223259786e+00 1.40554461859e+00
-3.52049618421e-01 2.04513676803e+00
2.49783072193e-01 2.72698692768e-01
2.13517364443e+00 7.45636328847e-01
-6.96609064745e-01 1.98800259074e-01
3.79722976647e+00 -3.96404503809e-01
1.75195577378e+00 1.30762413725e+00
-8.37524733598e-01 -2.02546104602e+00
-3.76633439178e+00 8.35947281740e-02
-2.32574289586e-01 -5.98140178614e-01
2.52774815567e+00 1.76646498649e+00
2.95413734821e+00 -1.55661306321e+00
-9.92225511768e-01 1.81600342684e-01
-5.44170566267e-01 -1.06486294078e+00
7.45744223032e-01 -5.01255914626e+00
-2.14891259711e+00 2.93070717906e+00
1.69364452524e+00 8.65924134014e+00
-6.30962501661e-01 1.56458883696e+00
2.09788970481e-01 7.58567857954e-01
1.50375280641e+00 7.01543530418e-01
-2.08503806864e-01 -1.24898797775e+00
-6.64001213726e+00 -3.01737902757e+00
-2.90961080189e-01 -3.29840805676e+00
7.65947870644e-02 -5.34222698229e-01
2.90873798667e+00 1.37210721278e+00
3.57466722296e+00 6.76300527385e-01
4.60788696893e-01 1.09919549889e-01
3.03880069396e+00 -1.06037867558e+01
-4.42741517973e-01 -4.17054392828e-01
1.06478336589e+00 -2.02075463025e-01
4.88357192407e-01 -5.01289905285e-01
-1.49619663728e+00 -3.51249613884e+00
2.29055840519e+01 1.67836353881e+00
6.23509950154e+00 5.30007623346e-01
1.60370704045e-01 9.63206371428e-01
-1.40365888307e+00 1.66983353916e+00
3.53863796707e-01 -2.03286215458e-01
-1.50643665211e+00 9.50183897041e-01
5.37711414457e-01 -2.07909053391e-01
6.22132175656e+00 -2.74062002853e+00
5.30309025957e+00 -2.23900425475e+00
-1.05024864326e+00 -1.16039465720e-01
1.28553871390e-02 -3.22190025580e-01
1.48487751904e+00 2.66968090211e+00
2.23351670431e+00 -3.22281633920e+00
-2.24857767919e+00 -4.89673226480e-01
-2.88820371914e-01 -8.61434603987e-01
4.79503834534e+01 -6.99504857780e+01
-8.48822680617e+00 -1.55017577305e+00
5.23678985156e-01 -3.32987107691e-01
-4.81772257767e-01 4.32558754311e-01
7.98064871634e+00 -4.73116298400e+00
8.50285941915e-02 -6.59616537644e-01
2.40505116932e+00 1.29430139628e+00
-5.30794146277e-01 4.78196781912e-01
-1.03858065869e+00 -4.66032266259e+00
1.18839313680e-01 8.92613298926e-01
2.18311958721e+00 2.47100912230e+00
2.10369772514e-01 -4.87934543041e-01
-3.87841948496e-01 -7.03664864293e-01
-7.79193230955e-01 2.43913517596e+00
3.35149176565e+00 3.68158044283e+00
4.16620269658e-01 -8.45760484804e-02
-1.09571558058e+01 -5.05970649185e+00
-1.51167383054e+00 1.34957796324e+00
2.35232641723e-01 1.64678591310e+00
1.05883651821e+01 -7.56165062818e+00
-9.99884537944e-01 1.07079356611e+00
4.31315055091e-01 -2.11457771153e-01
-2.76814653925e+00 -3.67430028098e+00
-1.76048534949e-01 2.13753006870e-01
5.73735385836e-01 9.53954890531e-01
8.08727437607e-01 -1.32642031127e+00
1.50001106425e+00 5.21600179288e-01
-6.92699521484e-01 1.57581021957e+00
1.40960018838e+00 7.93401345078e+00
1.22407163269e+00 2.77296053921e+00
7.48564386363e-01 -5.37614630368e-01
-2.22469209402e+00 -4.77071349524e-02
-1.15774993338e+01 -1.15204269244e+01
-3.20297048281e-01 8.75590486779e-01
6.10579954145e-01 5.65048930356e-01
-1.49570213404e-01 -1.29730945970e+00
-8.80289943520e+00 8.05882422009e+00
-9.52121646910e-02 -4.53642716472e-01
1.76167398324e+00 1.66343489708e+00
2.32536326491e-01 -1.95736175959e-01
-7.79687392613e-01 -1.00660799822e+00
-6.17903461689e-01 4.85783770837e-01
-1.49960766095e-01 1.05056650808e+00
1.35068768815e-01 9.65810528076e-01
-1.55976865658e+00 -1.80431204381e+00
-4.12522389099e+00 4.88298435271e+00
-3.24164496481e-01 4.29010950505e+00
2.73319092123e+00 1.25433410369e+00
-3.81789942694e+01 1.40492501058e+02
1.43246366082e+00 -1.53946203701e+00
-1.79311146333e+00 -5.83583830831e-01
3.21426843840e-01 4.99968142763e-01
2.30401407156e+00 7.94827519714e-01
1.63948604888e+00 7.02931989043e-01
5.95175497918e-01 -2.51931778902e+00
-2.35222777724e+01 3.82628060313e+00
-9.44296149977e-02 -1.86978512220e+00
2.03997942589e+00 1.08241738385e+01
5.78149639437e-01 5.31168765458e-01
9.40696265902e+00 2.08134549415e+01
-2.69436561591e-01 4.93265693916e-01
3.06428746397e-01 1.47678758314e+00
3.87184002768e-01 -4.08613874292e-01
