-7.23086318930e-01 -8.72633972137e-01
-2.93935700389e+00 -7.06145361705e-01
4.42944830451e-01 2.26335185332e+00
1.18003919383e+02 2.40198599592e+01
-4.91667867489e-01 1.46065131537e-01
3.83964813290e+00 -5.40365781143e-01
-3.82454121869e-01 -3.63836717114e-01
7.29907186471e-02 1.20072218583e+00
-1.90006229993e-01 -9.99852509679e-01
2.26596224327e+00 -3.15186189059e-01
3.36793194213e+00 -1.01550297362e+01
-1.68826718768e+00 3.33840862547e+00
9.46412662183e-01 1.15568713607e-01
-8.92027536091e-01 1.43985728500e+00
-5.34018537158e-01 -1.91986442853e+00
-1.69455057628e+00 1.27968873242e+00
1.88026331085e+00 -1.01503104857e+00
1.15689180003e+00 2.85010926678e+00
-2.07166583418e-01 -4.70940797975e-01
-7.13513477553e+00 3.61350778517e+00
4.69545465526e-01 -1.12902913111e+00
2.65595629153e-01 -9.92152110962e-01
-1.21376908040e+01 -4.46113651458e-01
-1.56593012875e+00 5.60914476178e-01
-1.70809985233e+00 -6.91069812903e-01
-1.28512279518e+00 -9.94693820262e-02
1.44946047301e+00 -1.36177223125e+00
1.91896927914e+00 1.34961295865e+00
-1.53063303119e+00 6.09424473606e-01
-1.33010141672e+00 2.55439185227e+00
-2.12577296237e+00 -1.78296017973e-01
8.07476255436e-01 6.21203835656e-01
1.23318676487e+00 3.63801890368e+00
-1.16678847688e+00 4.98348518174e-01
6.37997583246e-01 -2.09549402577e-01
7.69962604154e+00 -8.49126251781e+00
-4.62047578352e-01 -4.97152864821e-01
1.39753553168e+00 4.84317965692e+00
-1.95528743067e+00 1.54440446852e+00
-4.01547389774e-01 1.47672579989e-01
5.76381113814e-01 -8.84940336861e-01
-8.42377443136e-02 1.35408266511e+00
-3.14394802624e+00 -2.68425066415e+00
-6.42044831790e-01 -1.11947678641e+00
9.09523699806e+01 -5.93939578837e+01
2.10341369214e+00 3.75864206704e+00
2.97123254108e-01 -9.10667238188e-01
-1.53272740004e+00 4.67842851681e+00
-6.19277221797e+00 -8.43132511993e+00
1.13839043124e+00 7.17386932036e-02
4.69291620264e-01 2.34180352029e+00
-8.87035550109e-01 -2.20199658939e+00
-3.13805574044e+00 2.82671333163e-01
3.17591171605e-01 -6.20835975581e-01
-2.38438597759e+00 2.44799622993e+00
1.02828093160e-01 -1.46798464484e+00
-7.79227317334e-01 3.85624476855e+00
8.17551407862e+00 -2.95591726736e+00
1.67804642017e+00 -2.43714594015e-01
-8.76343955602e+00 8.89878493831e+00
3.07300815703e-01 -2.05478892539e+00
-1.38888608562e+00 -6.82464778803e-01
-1.53436022689e-01 -2.38959651742e-01
-2.22918304233e+01 -1.86768532780e+00
1.00050376621e-01 -4.42874861795e-01
9.71950599361e-01 1.66838441199e+00
-7.15426443760e+01 7.88692583066e+01
1.96146775456e+00 -3.18211214729e+00
3.68583965457e+01 6.65562510910e-01
3.40057440185e+00 1.26814316763e+01
2.04122906381e+00 1.61347581321e+00
-1.08602821879e+01 2.03801512974e+01
4.16664147308e-01 -4.92200781495e-01
6.05972007647e-01 -4.87362865866e-01
-3.03783613039e-01 6.60594736911e-01
3.51053043174e+00 3.67483427622e+00
5.01519688394e+00 -1.69543935693e-01
9.29407404815e-02 -1.50801781819e+00
2.85199705825e-01 -9.19272698079e-01
9.05725308003e-01 -2.06020063503e+00
1.63091604304e+00 2.64084324400e-01
4.92373117480e-01 1.15052380702e-01
6.94267311968e-02 6.04376573950e-01
-2.43770633760e-01 -6.80502752743e-01
-2.58931983351e-01 2.45084634211e-01
-5.11009637785e+00 2.79119962965e+00
-1.33092636643e+00 -1.62942866155e+00
-5.18893378336e-01 -9.67730901589e-01
4.08151997888e-01 -2.46760555788e+00
-1.83650576783e+00 7.05091031363e-01
-2.25205836724e+00 3.43596044268e+00
3.02753415571e+00 3.59235299046e-01
1.10338730244e+00 1.17937710808e+00
1.74729830162e+00 -3.55896715251e+00
4.38353650505e-02 -1.85498487173e+00
-1.33718141191e+00 -7.52721218015e-01
4.49008279306e-01 -3.21902038858e-01
-4.63848990207e-02 -2.21646934224e-01
1.01280570098e+00 -1.31272084675e+00
-4.85631680108e-01 -4.99630874086e-01
-3.48074783596e-01 2.22778489235e-01
-2.37611782743e-01 1.17869260950e-01
1.29713183140e+00 -1.79405337029e-01
1.71020264302e+00 -7.61767087420e-01
-5.30578265400e-01 4.50785755934e-02
1.65403521397e+01 1.09878979111e+01
4.90984066590e-01 -4.93913288799e+00
-2.47527590614e-01 1.94324501293e-01
-8.10455800655e-01 -1.74715249634e+00
4.28375107376e+00 -2.38517280057e+00
-3.49516120700e-01 -2.30693023058e-01
5.46843671484e-01 9.19491610576e-01
-2.63380758335e-01 3.41539435868e-01
-3.30886301785e-01 8.03602354904e-02
7.47362869496e-01 -3.25232240108e-02
1.37167549870e-01 5.65703419347e-01
1.76957625715e-01 4.57719159173e+00
-8.27522391169e-01 1.37135880524e+00
-1.08020633164e+00 1.12952917219e+01
6.08378916167e-01 -2.91602667087e+00
-1.93691625575e-01 2.97580171136e+00
5.76650657290e-01 -9.77666322264e-01
2.97839092776e-01 5.24589496027e-02
-1.11431295661e+00 5.95597417677e-01
-1.41487788686e-02 -6.55459197625e-01
5.48682316205e-02 3.91877145244e-01
-3.16592713478e-01 -2.01583310871e+00
3.96048464655e-02 -1.86742349279e+00
1.31809564270e+00 -1.63150684603e-01
4.40867190225e-01 2.82232845406e-01
4.63709308639e+00 -1.87935740810e+00
1.36269435246e+00 2.04965462948e+00
-7.55758085629e-01 -3.00355313315e+00
-1.44136026756e+00 1.14319944785e+00
1.13455034661e+00 1.29517567026e-01
4.86994429513e-01 -1.12100581556e+00
-2.31847982584e-01 -1.11380919739e-01
3.95484734913e-01 3.10826050211e-01
-4.55011912519e-01 -1.19943435894e+00
4.02073736217e-01 2.19826217455e+00
-1.60807684751e+00 3.98792357030e+00
-3.06495953085e+00 8.35266155979e+00
3.00886672672e+00 -3.63053867637e+00
-1.58546545671e+00 2.36391968094e-01
-1.68230924124e+00 1.49687935249e+00
-1.04086606853e+00 -7.50949372147e-02
-3.83705630640e+00 3.39986433911e+00
3.73332709406e-01 1.00242444037e-01
-3.27949656452e+00 -3.42528814094e+00
9.00021800688e+01 3.46996342369e+02
-1.16214013282e+00 -1.76636494938e+00
4.11046559748e-01 -5.46407903642e-01
3.28594721938e-01 -7.44772857930e-01
4.38820864204e-01 -1.92933878918e+00
-2.52878062255e+01 4.27944079475e-01
-9.79048115622e-01 2.59896978419e-01
7.44037024086e+01 -5.00946644763e+01
2.01887772239e-01 1.27601347435e+00
-1.72854946915e+00 9.24850186951e-01
-6.27577976469e-01 -5.00797100952e-01
-8.64206194286e-01 1.15148369773e+00
3.68821479135e-01 9.88168025432e-01
1.50192956920e-02 1.87431465552e-01
9.03555106919e+00 8.45522692919e+00
3.43117999497e-02 -2.35527256414e+00
6.30150652765e+00 -6.86091330411e+00
1.57105062477e+00 2.45738739322e-02
-1.58281755970e-01 -2.68334897421e-01
5.41634683219e+00 1.95429953212e+00
3.70911717989e+00 1.37950353683e+00
4.80849238163e-01 -2.19738259692e+00
-8.74061960189e-01 -6.04417241552e-01
-5.84897768015e+00 2.51223103487e+00
1.73008740446e+00 1.49134485969e+00
4.94823240455e-01 -1.30513302934e+00
1.47392648790e+00 -2.30678167832e+00
-5.32262913807e+00 -1.61793113419e-01
3.95189751931e-01 -4.70052948429e-01
2.75201807204e+00 1.39934303285e+01
1.51538966839e-01 -8.84339556077e-01
-2.38215733634e-01 -1.41261604431e+00
1.23201470462e+00 -1.00515720724e-01
8.00608308848e-01 -3.49511192878e-02
-3.61732986879e+00 -1.77157995925e-01
1.24357291693e+00 1.43332266814e+00
2.27125182550e-02 1.01877531704e+00
4.32990878756e-02 -5.40316904538e-01
-2.24983391666e+00 -4.36847213648e+00
4.84946312188e-01 -4.90345342073e-01
7.57635422664e-01 4.09781479761e-01
5.73823704390e-01 9.29358348589e-01
-9.66648969120e-01 -4.77634775446e-01
1.46914071868e-01 -3.11767693877e-02
-6.39581460191e-01 -8.71017957136e-01
4.63044431529e-01 -6.21264892112e-01
7.39989574421e-01 -9.09695031495e+00
-6.58472153678e-01 4.22387789967e-01
-6.84102265119e-01 -4.00166860365e-02
1.25934617414e+00 -2.12152813001e-01
4.29425048418e-01 -5.67632469705e-01
-4.37082142255e-01 1.46235372128e+00
-3.27651662345e+00 1.74992437568e+00
6.10946532982e-01 1.29598846151e-01
3.63520037924e+00 3.47321610718e+00
-7.99125317064e-01 6.71074405099e+00
-1.85572629232e-02 -2.31092753693e+00
1.29795168938e+00 7.95161539839e-01
6.40795183806e-01 -1.66920685752e+00
-7.47617500611e-01 4.71463668654e-01
-9.65702935482e-01 -2.19945444064e+00
-5.71894741346e+00 -6.41127811743e+00
4.74013140463e+00 -1.42481694913e+00
-5.81041724713e-02 -5.05507935672e-01
-7.50725133137e-01 4.46813901992e+00
1.10903430826e-01 -5.31391757641e-01
2.52951391160e-01 7.07548466252e-01
3.58225014794e-01 -1.92138445589e-01
2.62966539837e+00 -9.56733518653e-01
1.02490330448e+00 -3.14117902500e+00
1.14121059094e-01 2.66193784745e+00
-7.28181759919e-01 1.59451338901e+00
2.05175550511e+00 -1.49502576403e+00
1.43761461000e+00 4.90103554781e-01
2.28704177868e+00 7.12460231831e-01
-1.07068169814e+00 -2.96628818881e+00
1.86535649494e+00 4.11038218794e-01
-1.68806581461e-01 7.91760035387e-02
3.57758944131e+00 7.65100441185e+00
-7.91305300673e+00 3.23860878708e+00
-3.41724899196e+00 1.33553844762e+00
1.98235556139e+00 -1.22323746758e+00
2.43997691035e+00 4.04924016293e-01
-1.10943835898e+00 -2.12692866226e+00
-2.42649380451e+00 1.39437607217e+00
-2.90235124817e-01 -6.48536529381e-01
2.28432303740e-01 1.32253186959e+00
4.37387639158e-01 -1.74874900151e+00
-4.12923776161e+00 8.68797155939e+00
-2.19148979810e+00 -2.99532596894e+00
-1.94053590860e+00 -9.42556963886e-02
1.72130857645e+00 -1.65525203716e-01
-1.37431262197e+00 -2.11877335894e+00
-4.09205770485e+00 -3.53227092764e+00
-2.84443984194e+00 -2.33914176664e-01
2.78869711143e+00 1.71838319715e+00
8.15873512161e+00 1.85632653955e+00
2.28639670492e+00 3.01769425099e+00
1.01556542873e-01 6.47346706238e-01
-2.37742405293e-01 -2.30079388868e+00
-4.18657634112e+00 -5.55546208453e+00
-5.13440257243e-01 6.43598833268e-01
-2.02980474369e+00 2.27756788453e-02
2.04903160085e-01 -6.22264963665e-01
-6.82229474819e-01 -3.84374304870e-01
8.23824405368e-01 -5.94812510621e-01
7.00623072028e+00 2.45502892627e+00
7.68782758344e-02 -1.41920761597e+00
-3.46823511360e+00 3.68311998771e-01
-3.00773600416e-01 -4.00036040044e-01
-2.91427418758e+00 -1.94560663005e+00
4.08740291179e+00 9.78404688797e+00
-3.05432609667e-02 -1.93465799475e+00
-3.56518045029e+00 -3.82707992703e+00
-1.19541046245e+00 1.54851262711e-01
2.15172786921e+00 1.41824683392e+00
-8.45999664516e-01 1.37997015922e+00
-1.02391957304e+00 -5.10723247423e-01
1.40237650631e-01 3.28115284934e+00
1.18443231353e+00 5.61369003996e-01
4.17028324208e-02 5.20663128464e-01
-8.63446909635e-01 -6.00604762545e+00
-5.84358355942e-01 1.20108352876e-01
9.42041917947e+00 -8.04383761424e-01
8.86876551789e-02 7.91787681947e-01
-4.57361339679e-02 -9.20825599384e-01
-7.91188227054e+00 8.13984192571e+00
1.42042324504e+00 -3.56931141368e-01
3.09089621478e+00 -7.67783723547e-01
-1.54018172300e+00 6.02884343937e-01
1.68997306643e-01 -1.29648886600e-01
-3.97279487988e-01 9.05377395878e-01
-1.11243775385e+00 4.48381950814e+00
-4.15214634606e+00 -3.81097305866e+00
1.13092134727e+00 1.38604480490e+00
2.82577481994e+01 -5.42013603233e+01
9.61811203985e-01 2.53624821070e+00
-1.26845258399e+00 1.00643637021e+00
-6.54815791480e-01 4.06575786301e-01
2.88601202878e-01 -1.42590944457e-01
4.22124797043e-01 -2.46764677715e+00
-1.29376162020e+01 1.86146685192e+01
-7.26658198438e+00 -1.70742445613e+01
5.01946570845e-01 3.49192404856e-01
1.07328279996e+00 1.02919076738e+00
-2.64384910619e+00 8.43994266277e+00
-1.94860753084e+00 2.51849563245e+00
-9.24848341089e-01 -1.31984374752e-01
6.90282935919e+00 1.86599003231e+00
1.09215246238e+01 -9.67300989546e+00
-1.40108830153e+00 2.46474120779e+00
-2.98687294237e+00 7.93268842428e-01
7.48938274206e+00 -7.81373580387e+00
1.26781901997e+00 2.38045318793e-01
-5.18995394100e-01 -7.76677535923e-01
-7.59983492475e-01 -1.29817399157e+00
-6.45906394742e-01 1.62308838342e+00
-2.03165230273e-01 -3.95248717331e-01
-6.41342809155e+00 9.64344335835e+01
-6.70245557130e-01 3.00587194173e-01
-1.26882951232e+01 -8.60114157145e+00
5.19352895937e+00 -8.68129391741e-01
-3.43933994420e+00 -1.92604168491e+00
1.70855819147e+01 1.72447412431e+01
-4.52480109410e-01 9.80910386924e-01
2.23372600482e+00 -1.16335508358e+00
-3.65842834168e-01 4.78111695330e-01
-6.38517065753e-01 4.44443622135e+00
6.45040466123e-01 -3.23252203450e-01
2.37897078774e+00 4.15096314616e-01
3.18620825589e-01 1.49403893137e+00
-7.17182360517e-01 6.71458308045e+00
5.11239235196e-02 2.35165412043e-02
-1.45167150297e+00 -6.40485225968e-01
-4.08948632303e-01 -1.66269329815e+01
9.63804063135e+00 8.24771901698e+00
4.90438150604e-01 5.08241671658e-01
3.99787943702e-01 -7.92226285616e-01
-1.86887894479e-01 -4.03868473754e-02
1.20265359172e+00 9.40794828201e-01
-1.09897080793e+00 -1.82707628456e+00
1.41326680463e+00 -4.34349513771e-01
2.81860046180e-01 1.21758696675e+00
-1.52330000367e+00 -2.35124844994e+00
-7.29009573186e-01 1.77677645595e-01
-1.97558817113e-01 4.21399721060e-01
3.04389587977e+00 4.10270410711e+00
-1.80207798326e+00 -1.65391843577e+00
-1.58253045594e+00 -1.35080934408e+00
-1.47124335286e+00 -4.11244209970e-01
6.03367677555e-01 1.08999878329e-01
-6.00578907101e+00 9.62121303780e+00
-2.06987504351e+00 -1.72136945950e+00
-3.42067253904e-01 -5.02174380441e-01
-4.94736860374e+00 2.36413303192e+01
4.78285342795e-01 -4.99791619743e-01
-1.13442196021e+00 6.47264204398e-01
9.29656565561e-01 1.86581863949e+00
1.05815023686e+00 -1.53455350730e+00
-2.08540437018e+00 1.79850851477e+00
-1.41709856961e+00 -2.62244304925e+00
-1.24604198158e+00 1.95251525269e+00
-9.94328409748e-01 -3.48902999589e-01
1.91865861145e+00 -5.24853767022e-02
-2.85152903982e-01 5.44804009167e-01
-1.59170955910e+00 -3.85421520598e-01
-1.69861430333e+00 2.36456455457e+00
-1.41496869489e+01 6.38788186496e+00
2.10299557010e+00 3.46844261011e+00
-2.23321937863e-01 -5.21120072228e-01
1.68704040666e+00 -9.56947690685e-01
-8.72941987772e-03 2.22819836314e-01
1.04877652396e+00 3.04798689749e+00
-8.58309392120e-01 -1.32984179097e+00
-1.94226698153e-01 7.45781032277e-01
1.64871555310e+00 3.28728703721e-01
-1.65191566568e-01 -5.65364692137e-01
1.43267869811e-01 -1.19211766006e+00
1.79787001145e+00 -4.28294888618e-01
2.44067892010e-01 3.72158367798e-01
1.29524605464e+00 -2.03305327574e+00
-4.09876051697e-01 -1.41564457544e+00
1.13712043496e+01 -5.55572948873e+01
-5.48377113550e-01 2.93463087096e-01
-2.47168637850e-01 9.07151444099e-01
-6.78175655914e-01 -4.40322053793e-01
-8.89927228257e-01 -5.72348179644e-01
-1.04841992705e+00 7.26088426078e-01
2.39893624428e+00 -3.02233882206e-01
3.20563346938e-01 -7.96207730039e-01
5.41055754361e-01 -9.11395821941e-01
-1.14560551406e+00 6.74645329283e-01
-2.46114972090e+01 9.37384077713e+00
1.52335464444e+00 1.45854712700e-02
2.22455443447e-01 -6.00916345034e-02
4.41177775425e+00 -1.37872974750e+00
-2.10492367089e-01 -4.76144015184e-02
-4.09655090529e-02 1.32469311433e+00
4.25515669862e-01 -9.53473838944e-01
-3.87289198543e+00 -2.85193745795e+00
1.27122337421e-01 1.73797338146e+00
3.31969788183e+00 2.39294122076e+00
-2.35120478397e+01 3.85317107575e-01
-1.22383670872e+01 -7.01780297895e-01
-8.72658097197e-02 2.00949918388e+00
-3.94017811869e+00 2.14613811801e-01
-8.93174996160e-01 2.59610625879e-01
1.58823628209e+00 1.70263366507e+00
2.73449223737e+00 2.79097140780e+00
1.77920124478e+00 -6.65721914878e-01
2.92339369183e-03 2.50794539045e-01
