-7.23086318930e-01 -8.72633972137e-01
-2.93935700389e+00 -7.06145361705e-01
4.42944830451e-01 2.26335185332e+00
1.18003919383e+02 2.40198599592e+01
-4.91667867489e-01 1.46065131537e-01
3.83964813290e+00 -5.40365781143e-01
-3.82454121869e-01 -3.63836717114e-01
7.29907186471e-02 1.20072218583e+00
-1.90006229993e-01 -9.99852509679e-01
2.26596224327e+00 -3.15186189059e-01
3.36793194213e+00 -1.01550297362e+01
-1.68826718768e+00 3.33840862547e+00
9.46412662183e-01 1.15568713607e-01
-8.92027536091e-01 1.43985728500e+00
-5.34018537158e-01 -1.91986442853e+00
-1.69455057628e+00 1.27968873242e+00
1.88026331085e+00 -1.01503104857e+00
1.15689180003e+00 2.85010926678e+00
-2.07166583418e-01 -4.70940797975e-01
-7.13513477553e+00 3.61350778517e+00
4.69545465526e-01 -1.12902913111e+00
2.65595629153e-01 -9.92152110962e-01
-1.21376908040e+01 -4.46113651458e-01
-1.56593012875e+00 5.60914476178e-01
-1.70809985233e+00 -6.91069812903e-01
-1.28512279518e+00 -9.94693820262e-02
1.44946047301e+00 -1.36177223125e+00
1.91896927914e+00 1.34961295865e+00
-1.53063303119e+00 6.09424473606e-01
-1.33010141672e+00 2.55439185227e+00
-2.12577296237e+00 -1.78296017973e-01
8.07476255436e-01 6.21203835656e-01
1.23318676487e+00 3.63801890368e+00
-1.16678847688e+00 4.98348518174e-01
6.37997583246e-01 -2.09549402577e-01
7.69962604154e+00 -8.49126251781e+00
-4.62047578352e-01 -4.97152864821e-01
1.39753553168e+00 4.84317965692e+00
-1.95528743067e+00 1.54440446852e+00
-4.01547389774e-01 1.47672579989e-01
5.76381113814e-01 -8.84940336861e-01
-8.42377443136e-02 1.35408266511e+00
-3.14394802624e+00 -2.68425066415e+00
-6.42044831790e-01 -1.11947678641e+00
9.09523699806e+01 -5.93939578837e+01
2.10341369214e+00 3.75864206704e+00
2.97123254108e-01 -9.10667238188e-01
-1.53272740004e+00 4.67842851681e+00
-6.19277221797e+00 -8.43132511993e+00
1.13839043124e+00 7.17386932036e-02
4.69291620264e-01 2.34180352029e+00
-8.87035550109e-01 -2.20199658939e+00
-3.13805574044e+00 2.82671333163e-01
3.17591171605e-01 -6.20835975581e-01
-2.38438597759e+00 2.44799622993e+00
1.02828093160e-01 -1.46798464484e+00
-7.79227317334e-01 3.85624476855e+00
8.17551407862e+00 -2.95591726736e+00
1.67804642017e+00 -2.43714594015e-01
-8.76343955602e+00 8.89878493831e+00
3.07300815703e-01 -2.05478892539e+00
-1.38888608562e+00 -6.82464778803e-01
-1.53436022689e-01 -2.38959651742e-01
-2.22918304233e+01 -1.86768532780e+00
1.00050376621e-01 -4.42874861795e-01
9.71950599361e-01 1.66838441199e+00
-7.15426443760e+01 7.88692583066e+01
1.96146775456e+00 -3.18211214729e+00
3.68583965457e+01 6.65562510910e-01
3.40057440185e+00 1.26814316763e+01
2.04122906381e+00 1.61347581321e+00
-1.08602821879e+01 2.03801512974e+01
4.16664147308e-01 -4.92200781495e-01
6.05972007647e-01 -4.87362865866e-01
-3.03783613039e-01 6.60594736911e-01
3.51053043174e+00 3.67483427622e+00
5.01519688394e+00 -1.69543935693e-01
9.29407404815e-02 -1.50801781819e+00
2.85199705825e-01 -9.19272698079e-01
9.05725308003e-01 -2.06020063503e+00
1.63091604304e+00 2.64084324400e-01
4.92373117480e-01 1.15052380702e-01
6.94267311968e-02 6.04376573950e-01
-2.43770633760e-01 -6.80502752743e-01
-2.58931983351e-01 2.45084634211e-01
-5.11009637785e+00 2.79119962965e+00
-1.33092636643e+00 -1.62942866155e+00
-5.18893378336e-01 -9.67730901589e-01
4.08151997888e-01 -2.46760555788e+00
-1.83650576783e+00 7.05091031363e-01
-2.25205836724e+00 3.43596044268e+00
3.02753415571e+00 3.59235299046e-01
1.10338730244e+00 1.17937710808e+00
1.74729830162e+00 -3.55896715251e+00
4.38353650505e-02 -1.85498487173e+00
-1.33718141191e+00 -7.52721218015e-01
4.49008279306e-01 -3.21902038858e-01
-4.63848990207e-02 -2.21646934224e-01
1.01280570098e+00 -1.31272084675e+00
-4.85631680108e-01 -4.99630874086e-01
-3.48074783596e-01 2.22778489235e-01
-2.37611782743e-01 1.17869260950e-01
1.29713183140e+00 -1.79405337029e-01
1.71020264302e+00 -7.61767087420e-01
-5.30578265400e-01 4.50785755934e-02
1.65403521397e+01 1.09878979111e+01
4.90984066590e-01 -4.93913288799e+00
-2.47527590614e-01 1.94324501293e-01
-8.10455800655e-01 -1.74715249634e+00
4.28375107376e+00 -2.38517280057e+00
-3.49516120700e-01 -2.30693023058e-01
5.46843671484e-01 9.19491610576e-01
-2.63380758335e-01 3.41539435868e-01
-3.30886301785e-01 8.03602354904e-02
7.47362869496e-01 -3.25232240108e-02
1.37167549870e-01 5.65703419347e-01
1.76957625715e-01 4.57719159173e+00
-8.27522391169e-01 1.37135880524e+00
-1.08020633164e+00 1.12952917219e+01
6.08378916167e-01 -2.91602667087e+00
-1.93691625575e-01 2.97580171136e+00
5.76650657290e-01 -9.77666322264e-01
2.97839092776e-01 5.24589496027e-02
-1.11431295661e+00 5.95597417677e-01
-1.41487788686e-02 -6.55459197625e-01
5.48682316205e-02 3.91877145244e-01
-3.16592713478e-01 -2.01583310871e+00
3.96048464655e-02 -1.86742349279e+00
1.31809564270e+00 -1.63150684603e-01
4.40867190225e-01 2.82232845406e-01
4.63709308639e+00 -1.87935740810e+00
1.36269435246e+00 2.04965462948e+00
-7.55758085629e-01 -3.00355313315e+00
-1.44136026756e+00 1.14319944785e+00
1.13455034661e+00 1.29517567026e-01
4.86994429513e-01 -1.12100581556e+00
-2.31847982584e-01 -1.11380919739e-01
3.95484734913e-01 3.10826050211e-01
-4.55011912519e-01 -1.19943435894e+00
4.02073736217e-01 2.19826217455e+00
-1.60807684751e+00 3.98792357030e+00
-3.06495953085e+00 8.35266155979e+00
3.00886672672e+00 -3.63053867637e+00
-1.58546545671e+00 2.36391968094e-01
-1.68230924124e+00 1.49687935249e+00
-1.04086606853e+00 -7.50949372147e-02
-3.83705630640e+00 3.39986433911e+00
3.73332709406e-01 1.00242444037e-01
-3.27949656452e+00 -3.42528814094e+00
9.00021800688e+01 3.46996342369e+02
-1.16214013282e+00 -1.76636494938e+00
4.11046559748e-01 -5.46407903642e-01
3.28594721938e-01 -7.44772857930e-01
4.38820864204e-01 -1.92933878918e+00
-2.52878062255e+01 4.27944079475e-01
-9.79048115622e-01 2.59896978419e-01
7.44037024086e+01 -5.00946644763e+01
2.01887772239e-01 1.27601347435e+00
-1.72854946915e+00 9.24850186951e-01
-6.27577976469e-01 -5.00797100952e-01
-8.64206194286e-01 1.15148369773e+00
3.68821479135e-01 9.88168025432e-01
1.50192956920e-02 1.87431465552e-01
9.03555106919e+00 8.45522692919e+00
3.43117999497e-02 -2.35527256414e+00
6.30150652765e+00 -6.86091330411e+00
1.57105062477e+00 2.45738739322e-02
-1.58281755970e-01 -2.68334897421e-01
5.41634683219e+00 1.95429953212e+00
3.70911717989e+00 1.37950353683e+00
4.80849238163e-01 -2.19738259692e+00
-8.74061960189e-01 -6.04417241552e-01
-5.84897768015e+00 2.51223103487e+00
1.73008740446e+00 1.49134485969e+00
4.94823240455e-01 -1.30513302934e+00
1.47392648790e+00 -2.30678167832e+00
-5.32262913807e+00 -1.61793113419e-01
3.95189751931e-01 -4.70052948429e-01
2.75201807204e+00 1.39934303285e+01
1.51538966839e-01 -8.84339556077e-01
-2.38215733634e-01 -1.41261604431e+00
1.23201470462e+00 -1.00515720724e-01
8.00608308848e-01 -3.49511192878e-02
-3.61732986879e+00 -1.77157995925e-01
1.24357291693e+00 1.43332266814e+00
2.27125182550e-02 1.01877531704e+00
4.32990878756e-02 -5.40316904538e-01
-2.24983391666e+00 -4.36847213648e+00
4.84946312188e-01 -4.90345342073e-01
7.57635422664e-01 4.09781479761e-01
5.73823704390e-01 9.29358348589e-01
-9.66648969120e-01 -4.77634775446e-01
1.46914071868e-01 -3.11767693877e-02
-6.39581460191e-01 -8.71017957136e-01
4.63044431529e-01 -6.21264892112e-01
7.39989574421e-01 -9.09695031495e+00
-6.58472153678e-01 4.22387789967e-01
-6.84102265119e-01 -4.00166860365e-02
1.25934617414e+00 -2.12152813001e-01
4.29425048418e-01 -5.67632469705e-01
-4.37082142255e-01 1.46235372128e+00
-3.27651662345e+00 1.74992437568e+00
6.10946532982e-01 1.29598846151e-01
3.63520037924e+00 3.47321610718e+00
-7.99125317064e-01 6.71074405099e+00
-1.85572629232e-02 -2.31092753693e+00
1.29795168938e+00 7.95161539839e-01
6.40795183806e-01 -1.66920685752e+00
-7.47617500611e-01 4.71463668654e-01
-9.65702935482e-01 -2.19945444064e+00
-5.71894741346e+00 -6.41127811743e+00
4.74013140463e+00 -1.42481694913e+00
-5.81041724713e-02 -5.05507935672e-01
-7.50725133137e-01 4.46813901992e+00
1.10903430826e-01 -5.31391757641e-01
2.52951391160e-01 7.07548466252e-01
3.58225014794e-01 -1.92138445589e-01
2.62966539837e+00 -9.56733518653e-01
1.02490330448e+00 -3.14117902500e+00
1.14121059094e-01 2.66193784745e+00
-7.28181759919e-01 1.59451338901e+00
2.05175550511e+00 -1.49502576403e+00
1.43761461000e+00 4.90103554781e-01
2.28704177868e+00 7.12460231831e-01
-1.07068169814e+00 -2.96628818881e+00
1.86535649494e+00 4.11038218794e-01
-1.68806581461e-01 7.91760035387e-02
3.57758944131e+00 7.65100441185e+00
-7.91305300673e+00 3.23860878708e+00
-3.41724899196e+00 1.33553844762e+00
1.98235556139e+00 -1.22323746758e+00
2.43997691035e+00 4.04924016293e-01
-1.10943835898e+00 -2.12692866226e+00
-2.42649380451e+00 1.39437607217e+00
-2.90235124817e-01 -6.48536529381e-01
2.28432303740e-01 1.32253186959e+00
4.37387639158e-01 -1.74874900151e+00
-4.12923776161e+00 8.68797155939e+00
-2.19148979810e+00 -2.99532596894e+00
-1.94053590860e+00 -9.42556963886e-02
1.72130857645e+00 -1.65525203716e-01
-1.37431262197e+00 -2.11877335894e+00
-4.09205770485e+00 -3.53227092764e+00
-2.84443984194e+00 -2.33914176664e-01
2.78869711143e+00 1.71838319715e+00
8.15873512161e+00 1.85632653955e+00
2.28639670492e+00 3.01769425099e+00
1.01556542873e-01 6.47346706238e-01
-2.37742405293e-01 -2.30079388868e+00
-4.18657634112e+00 -5.55546208453e+00
-5.13440257243e-01 6.43598833268e-01
-2.02980474369e+00 2.27756788453e-02
2.04903160085e-01 -6.22264963665e-01
-6.82229474819e-01 -3.84374304870e-01
8.23824405368e-01 -5.94812510621e-01
7.00623072028e+00 2.45502892627e+00
7.68782758344e-02 -1.41920761597e+00
-3.46823511360e+00 3.68311998771e-01
-3.00773600416e-01 -4.00036040044e-01
-2.91427418758e+00 -1.94560663005e+00
4.08740291179e+00 9.78404688797e+00
-3.05432609667e-02 -1.93465799475e+00
-3.56518045029e+00 -3.82707992703e+00
-1.19541046245e+00 1.54851262711e-01
2.15172786921e+00 1.41824683392e+00
-8.45999664516e-01 1.37997015922e+00
-1.02391957304e+00 -5.10723247423e-01
1.40237650631e-01 3.28115284934e+00
1.18443231353e+00 5.61369003996e-01
4.17028324208e-02 5.20663128464e-01
-8.63446909635e-01 -6.00604762545e+00
-5.84358355942e-01 1.20108352876e-01
9.42041917947e+00 -8.04383761424e-01
8.86876551789e-02 7.91787681947e-01
-4.57361339679e-02 -9.20825599384e-01
-7.91188227054e+00 8.13984192571e+00
1.42042324504e+00 -3.56931141368e-01
3.09089621478e+00 -7.67783723547e-01
-1.54018172300e+00 6.02884343937e-01
1.68997306643e-01 -1.29648886600e-01
-3.97279487988e-01 9.05377395878e-01
-1.11243775385e+00 4.48381950814e+00
-4.15214634606e+00 -3.81097305866e+00
1.13092134727e+00 1.38604480490e+00
2.82577481994e+01 -5.42013603233e+01
9.61811203985e-01 2.53624821070e+00
-1.26845258399e+00 1.00643637021e+00
-6.54815791480e-01 4.06575786301e-01
2.88601202878e-01 -1.42590944457e-01
4.22124797043e-01 -2.46764677715e+00
-1.29376162020e+01 1.86146685192e+01
-7.26658198438e+00 -1.70742445613e+01
5.01946570845e-01 3.49192404856e-01
1.07328279996e+00 1.02919076738e+00
-2.64384910619e+00 8.43994266277e+00
-1.94860753084e+00 2.51849563245e+00
-9.24848341089e-01 -1.31984374752e-01
6.90282935919e+00 1.86599003231e+00
1.09215246238e+01 -9.67300989546e+00
-1.40108830153e+00 2.46474120779e+00
-2.98687294237e+00 7.93268842428e-01
7.48938274206e+00 -7.81373580387e+00
1.26781901997e+00 2.38045318793e-01
-5.18995394100e-01 -7.76677535923e-01
-7.59983492475e-01 -1.29817399157e+00
-6.45906394742e-01 1.62308838342e+00
-2.03165230273e-01 -3.95248717331e-01
-6.41342809155e+00 9.64344335835e+01
-6.70245557130e-01 3.00587194173e-01
-1.26882951232e+01 -8.60114157145e+00
5.19352895937e+00 -8.68129391741e-01
-3.43933994420e+00 -1.92604168491e+00
1.70855819147e+01 1.72447412431e+01
-4.52480109410e-01 9.80910386924e-01
2.23372600482e+00 -1.16335508358e+00
-3.65842834168e-01 4.78111695330e-01
-6.38517065753e-01 4.44443622135e+00
6.45040466123e-01 -3.23252203450e-01
2.37897078774e+00 4.15096314616e-01
3.18620825589e-01 1.49403893137e+00
-7.17182360517e-01 6.71458308045e+00
5.11239235196e-02 2.35165412043e-02
-1.45167150297e+00 -6.40485225968e-01
-4.08948632303e-01 -1.66269329815e+01
9.63804063135e+00 8.24771901698e+00
4.90438150604e-01 5.08241671658e-01
3.99787943702e-01 -7.92226285616e-01
-1.86887894479e-01 -4.03868473754e-02
1.20265359172e+00 9.40794828201e-01
-1.09897080793e+00 -1.82707628456e+00
1.41326680463e+00 -4.34349513771e-01
2.81860046180e-01 1.21758696675e+00
-1.52330000367e+00 -2.35124844994e+00
-7.29009573186e-01 1.77677645595e-01
-1.97558817113e-01 4.21399721060e-01
3.04389587977e+00 4.10270410711e+00
-1.80207798326e+00 -1.65391843577e+00
-1.58253045594e+00 -1.35080934408e+00
-1.47124335286e+00 -4.11244209970e-01
6.03367677555e-01 1.08999878329e-01
-6.00578907101e+00 9.62121303780e+00
-2.06987504351e+00 -1.72136945950e+00
-3.42067253904e-01 -5.02174380441e-01
-4.94736860374e+00 2.36413303192e+01
4.78285342795e-01 -4.99791619743e-01
-1.13442196021e+00 6.47264204398e-01
9.29656565561e-01 1.86581863949e+00
1.05815023686e+00 -1.53455350730e+00
-2.08540437018e+00 1.79850851477e+00
-1.41709856961e+00 -2.62244304925e+00
-1.24604198158e+00 1.95251525269e+00
-9.94328409748e-01 -3.48902999589e-01
1.91865861145e+00 -5.24853767022e-02
-2.85152903982e-01 5.44804009167e-01
-1.59170955910e+00 -3.85421520598e-01
-1.69861430333e+00 2.36456455457e+00
-1.41496869489e+01 6.38788186496e+00
2.10299557010e+00 3.46844261011e+00
-2.23321937863e-01 -5.21120072228e-01
1.68704040666e+00 -9.56947690685e-01
-8.72941987772e-03 2.22819836314e-01
1.04877652396e+00 3.04798689749e+00
-8.58309392120e-01 -1.32984179097e+00
-1.94226698153e-01 7.45781032277e-01
1.64871555310e+00 3.28728703721e-01
-1.65191566568e-01 -5.65364692137e-01
1.43267869811e-01 -1.19211766006e+00
1.79787001145e+00 -4.28294888618e-01
2.44067892010e-01 3.72158367798e-01
1.29524605464e+00 -2.03305327574e+00
-4.09876051697e-01 -1.41564457544e+00
1.13712043496e+01 -5.55572948873e+01
-5.48377113550e-01 2.93463087096e-01
-2.47168637850e-01 9.07151444099e-01
-6.78175655914e-01 -4.40322053793e-01
-8.89927228257e-01 -5.72348179644e-01
-1.04841992705e+00 7.26088426078e-01
2.39893624428e+00 -3.02233882206e-01
3.20563346938e-01 -7.96207730039e-01
5.41055754361e-01 -9.11395821941e-01
-1.14560551406e+00 6.74645329283e-01
-2.46114972090e+01 9.37384077713e+00
1.52335464444e+00 1.45854712700e-02
2.22455443447e-01 -6.00916345034e-02
4.41177775425e+00 -1.37872974750e+00
-2.10492367089e-01 -4.76144015184e-02
-4.09655090529e-02 1.32469311433e+00
4.25515669862e-01 -9.53473838944e-01
-3.87289198543e+00 -2.85193745795e+00
1.27122337421e-01 1.73797338146e+00
3.31969788183e+00 2.39294122076e+00
-2.35120478397e+01 3.85317107575e-01
-1.22383670872e+01 -7.01780297895e-01
-8.72658097197e-02 2.00949918388e+00
-3.94017811869e+00 2.14613811801e-01
-8.93174996160e-01 2.59610625879e-01
1.58823628209e+00 1.70263366507e+00
2.73449223737e+00 2.79097140780e+00
1.77920124478e+00 -6.65721914878e-01
2.92339369183e-03 2.50794539045e-01
-4.18026036853e-01 -9.42094024188e-01
-3.74796127342e+00 -2.32321538542e+00
-8.46887690791e-02 -2.64311810836e-01
-7.27641612837e-01 -2.66208502765e+00
-4.34743327831e-01 1.21364672058e+00
-2.04126134494e+00 1.49776058407e+00
-5.28768291042e+00 2.05985653225e+00
-1.48648120036e+00 -5.69746934141e-01
7.10729455796e-01 -2.45652511018e+00
1.31975125962e-01 -6.53325195167e-01
-5.06536249459e+00 -1.45267582320e+00
6.58473673478e-01 3.61153868542e+00
-8.44626014729e-01 -5.09707651911e-01
7.83968881492e-01 -3.01284738125e-01
-2.76713718851e+00 5.21930015546e-01
-5.73687804042e-01 -4.69012022456e-01
4.37974064886e-02 -6.12905132194e-01
5.18800334129e-01 -6.07929301141e-01
5.13494130649e-02 2.37477436148e+00
4.17707544608e+00 -6.88042465851e-01
2.36640083529e+00 -1.49991845051e+00
6.51429902665e+01 5.38462354478e+01
-6.20082104879e-01 -2.98326069390e-01
5.45205161136e-01 5.27101312219e-01
2.52182307776e+00 1.77523467475e-01
-4.38314848321e-01 4.13377415917e-01
5.06826556097e+00 -6.38860115191e-01
-3.05212629513e+01 3.01923901466e+01
-3.12575892839e+00 -6.07766217414e-01
1.77481789196e-01 -6.68957353737e-01
2.78447470695e+00 -2.57168650348e+00
-9.41859528133e+00 -5.42516827637e+00
-7.12298155581e-01 1.63686427495e+00
-1.04283614719e+00 -2.03244212591e+00
-4.08322674723e-01 4.28666954506e-02
5.58340432147e-01 -6.73105515988e-01
8.91804160565e-01 -5.15689254356e-01
1.08964387094e+00 -2.59292778854e-01
-7.49581669540e-02 2.06510482223e-01
9.05900986485e+00 2.42669549738e+00
6.27990981280e-01 4.40086748816e-02
-5.13112476523e-02 6.52768376508e-01
4.72362758911e+00 2.44633775972e+00
-5.11269279103e-02 -6.37563648006e-02
1.36575663005e+00 -5.17855592703e-01
3.26097525649e+00 -7.46629687569e+00
-1.13114538480e+00 7.54780685199e-01
-4.59091060229e-01 2.49387408895e-01
6.92252738698e+00 -2.94281425386e+00
3.68523088461e-01 -4.26839041728e-01
-5.77655223925e+00 -5.44448506851e+00
-1.39547340891e+00 -2.94544168985e-01
-1.22611157701e+00 2.98970579087e-01
-1.47720018260e+00 -1.19444690166e+00
-7.19296906601e+00 6.24960957608e+00
1.25006635079e+00 1.33947513766e+00
-3.50421007780e-02 -8.72755280530e-03
-1.98694602978e+01 5.07802527005e+00
9.87485075410e+00 6.07210753311e+00
-1.02386825878e+00 -3.29140290811e-01
1.39034925363e+00 -6.79196927909e-02
1.49620968980e-01 4.38944674336e-01
1.64263992176e+00 -4.01577780872e-01
4.27154621965e-01 2.13722040424e+00
-3.53521888843e-03 1.42508673555e-01
-3.73864162521e-01 -1.02335883828e+00
-1.87525206894e+00 5.86381895678e-01
-6.55187399771e-02 9.30398098824e-01
4.91420333379e-01 -5.97662463392e+00
3.98367501585e+00 5.86723348066e-01
-2.80275516124e-01 -1.61494638905e+00
1.61093909669e+00 4.50819034641e-02
-5.19370343304e-01 6.66395165717e-01
-1.27307216366e-01 1.27722164049e+00
1.20831304244e+00 -5.45941816486e-02
-6.18952267530e-01 -4.08055568414e-02
-1.24789657738e+00 7.29032472927e-01
-3.39752570473e-01 -4.93598149251e-01
3.00510812459e-01 1.71711273318e+00
-1.51820197046e+00 -5.31589104013e-01
8.21426965677e-01 2.60255660181e+00
4.83636103005e-01 -2.64158509089e+00
-1.13320415669e+00 1.75350554026e-01
1.69546137680e-02 1.44092911605e+00
-4.68006227264e-01 -2.18049188104e-01
5.74886940549e-01 2.89864013615e-01
-7.28199659252e+00 -2.31674915568e+00
-7.09491898032e-01 -7.52418816929e-01
1.39186776058e+00 1.29270005123e+00
3.18133065686e+01 -7.85332207548e+00
-1.56029777647e-01 -7.45838050436e-01
6.22679678334e+00 3.62481586124e+00
1.47748964809e+00 1.59614761979e+00
-2.79968829785e+00 -1.35569080340e+00
1.05871633055e-01 -1.28390413037e+00
4.35204221898e+00 4.51818761565e-01
-2.11686304409e+00 -6.62624618670e-01
-3.54237876579e-01 1.39338364889e+00
5.67460129895e+00 -3.00979677050e+00
-1.47951507472e+00 1.35052464002e+00
3.52372191590e-01 1.70079387259e+00
3.93427324867e+00 1.58365855204e+00
-7.28436912316e-01 -3.30992821861e+00
-2.21407959517e-01 -1.12824746517e+00
6.66128947581e+00 6.69277503594e+00
-6.99687395720e+00 4.87029542181e+00
-1.87014157558e+00 9.95929208098e-01
7.86058369131e-01 1.04714964121e-01
1.08333072960e-01 3.07515672861e-01
8.63917831146e+00 -1.85051978732e+00
2.94527355036e-01 -6.05751535734e-01
7.85198237412e-01 1.60672492806e-01
-4.94577772610e+00 4.42695400242e+00
4.92543078651e-01 3.91170112862e+00
2.36008463907e+00 1.08600037492e+00
-1.89646747777e+01 6.19983780395e+00
-8.31531322614e-01 1.32874507742e+00
-6.87063653314e-01 5.88290795826e-01
1.33123417343e+01 -5.42389642354e+00
2.15971924420e-01 2.36333504136e-01
1.79646856598e+00 -1.28820284078e+00
-5.20168972925e+00 -1.43862670990e+00
-1.64115380892e+01 1.67072817729e+01
7.80542464332e+00 1.01977273029e+01
-6.05269949542e-01 -1.29420415252e+00
3.63688745496e+00 -1.30769856901e+00
-7.13692781993e+00 9.75521437274e-01
7.93537507899e-03 -3.80331265844e-01
-8.51021727690e-01 -9.13366236228e-01
2.51532923089e-01 -1.21365795381e+00
1.61925943828e+00 -1.58030556337e+00
3.20430433143e+00 -9.98001013808e-01
8.25216208499e+00 -7.03424856836e-01
-5.93937738630e-01 1.97557562697e-01
-2.31256601832e+01 -8.87075268319e+00
-1.84866904769e-01 9.43182057311e-01
1.50843482974e+00 9.95470516725e+00
9.84413208355e-01 1.35114786749e-01
-6.78931843001e-03 -6.05246979222e-01
2.17791765119e+00 1.95610269252e+00
-1.96492203187e-01 -1.51228359410e+00
2.45587966373e-01 -4.83561718036e-01
3.05343565687e-01 9.21900357629e-01
3.48868887735e-01 9.66749983015e-01
-1.23681156602e+00 3.41455810593e-01
-2.72271097212e+00 8.77310078297e-01
-5.14937803406e-02 -1.41761159480e-01
2.71149173211e+00 -2.05656949700e+00
4.97793267435e-01 2.10164916050e-02
-3.23541025329e-01 -3.47274220094e-01
9.33179878012e+00 -1.66864762159e-01
1.38006994596e+00 -9.62504184537e-01
-1.00094579577e+00 5.89191992584e-01
-1.45570207535e-01 8.44837851356e-01
2.20267193986e+02 -1.89221920329e+03
-8.51183344309e-02 -3.40560972728e+00
-3.51268454485e+00 -5.01622415897e-01
-7.00170725160e-01 1.15055844568e+00
-4.28947089598e-01 -9.04614811703e-01
-4.19750946762e-01 -3.04275155733e-01
6.46643902118e-01 5.41120943877e-01
4.85791754344e+00 3.16248970509e-01
-6.39363964017e+01 -1.18432420158e+01
5.93681706357e-03 2.76740941363e-01
4.03296014671e-01 2.27984467822e+00
1.79593799860e+00 2.12006497045e+00
-9.88832162226e+00 -8.08082755188e+00
3.94664628040e-01 5.61722477238e-01
6.28342751489e-01 -3.01109776843e-01
-1.20467210069e+00 -8.91990590912e-01
6.20777687115e-01 3.01062404160e-01
2.58605447056e-01 -4.05812172885e-02
-4.04458933468e-01 6.41652306409e-01
-3.04799973675e+00 -3.18090489478e+00
-2.77557577031e-01 -5.78623801722e-01
5.83771820895e+00 9.72502283203e+00
9.07238938389e-01 -1.41436767798e+00
-8.56903272466e+00 -9.02947954949e+00
-1.01429333133e+00 -2.24338712786e+00
1.20631703467e-01 5.89510091522e+00
5.45512217728e-01 -1.11384946681e-01
8.99999866691e-01 -4.30798313766e-01
5.06964669491e-01 1.44128800444e+00
1.08484476884e+00 1.31646022328e-01
1.49022457355e+00 1.80408980687e-01
-2.12534291611e-02 -1.00777193471e+00
-1.73019991267e-01 -1.99173679619e-01
1.04825854747e+00 4.44370508755e+00
5.63581576147e-01 1.37857714071e+00
-1.47926115784e+00 2.87478341970e+00
1.52273285171e+00 6.33195720808e+01
-4.24185122165e+00 -4.22414237810e+00
-7.53023333076e+00 -7.72214270844e+00
1.01006129367e+00 1.18937959976e+00
9.47602218871e-01 -4.88015794916e-01
-9.32796915058e+00 -1.21950328467e-01
-2.05225044644e+00 1.60624493035e+00
5.47595964122e+00 1.84041228790e+01
-4.71707475164e-01 -8.43755580287e-01
2.78077812507e-01 -1.00107803255e-01
4.57357924577e-01 3.99953616713e-01
2.28051163812e+02 7.03872331300e+01
-8.23595042472e-02 7.02726963793e-01
-8.23849153637e-01 -2.26682509566e-02
1.88505502939e+00 -1.22791160170e+00
-2.17610890949e+01 -1.00731157860e+01
-5.70083930211e+00 3.24007098992e-01
-1.60899006164e-01 6.75588480440e-01
-7.19927954695e-01 -3.33301179931e-01
1.11963212310e+00 -7.98876295659e-01
4.47344835684e-02 -3.57559139767e-03
-7.82378674244e-01 2.03786940699e+00
5.39369795695e-01 -1.55132744660e+00
2.40441304893e+00 -6.78565960623e+00
-4.42865199543e-01 -2.96920779402e+00
1.06785267064e+00 3.63073542297e-01
3.35834925574e-02 -2.59310235955e-01
-2.06762861274e+00 -1.82054310355e+00
-1.25967560868e+02 1.28544817907e+02
-5.61858088912e-01 -1.32774669678e+00
2.41149820572e+00 3.41367392411e+00
-8.18058841272e-01 4.23617511337e-01
-6.70819016069e-01 1.15232082108e+00
1.75326914435e+00 -7.84708620600e-01
3.46360980212e-01 -1.54826024806e-01
-1.31651646252e+00 2.05280839273e-01
-3.41248845395e-01 -5.81306374034e-01
2.40775516814e+00 1.29743450627e+00
-2.92711265535e+00 -3.81178860538e-01
2.17841352347e+00 3.85832370958e+00
-5.04674531080e-02 -7.47435815337e-01
-1.18683618293e+00 6.02796403749e+00
-5.92240205925e-03 -2.98607734987e-01
5.18206121052e-01 -4.85930616209e-02
-1.17998558222e+00 1.80040524434e+00
1.40834511565e+00 -2.94662273012e+00
-2.12073085282e+00 -2.63274142486e+00
-4.27603491274e-01 -3.15376787504e-01
1.54623229941e+00 1.28251857045e+00
-3.36939008228e+01 -3.56590973703e+00
-1.32132736102e+00 -5.66742706562e-01
-5.81590327785e-01 -1.08314702743e+00
1.62840295142e+00 -1.18643055418e+00
-6.14313933951e+00 6.92862234896e-01
-4.55118388441e-01 5.38099860176e-01
8.73463186644e-02 -9.02967915409e-02
8.81878705625e-01 -4.91628419445e-01
-1.42479945829e+00 -6.05251386282e-01
-4.44748687030e+00 8.03827411619e+00
7.16860895860e-01 -1.22431588785e-01
5.15054432951e-01 -1.24070746113e-02
-1.69647916986e+00 3.36923230743e-01
7.12631826393e-01 4.33797165421e-02
8.07568768186e+00 1.33340439871e+00
-5.05073223533e+00 -9.98520718828e-01
-1.83275162437e+01 1.19603550156e+02
-8.30324820738e-02 1.04808380859e+00
6.85061869339e-01 9.80576294842e-01
1.07572151043e+00 9.57757685332e-02
-1.54268866979e+00 -3.45466530822e-01
1.10671998124e+00 8.48360741962e-01
5.26349084223e+00 -1.39451244441e+00
-1.37453566044e+00 1.29878854360e+00
5.74165547379e-01 2.76254035233e+00
5.82950589093e+00 4.61221904248e+00
-1.78779252029e-03 -4.34508884626e-01
2.92740902257e-01 -6.69153304926e-01
-1.26692018915e+00 -1.05144351156e+00
1.17968455910e+00 -7.76712273339e-03
-3.43813058082e+00 2.79157768529e+00
3.24380299095e+00 -9.70414492275e-01
-1.41491287244e+00 -1.36083768563e+00
-9.24876848302e-01 2.01914444423e+00
1.38371729311e+00 4.69731316055e+01
-2.13441356277e-01 -4.33765816928e-01
-3.11973684720e-01 2.11533596225e-01
4.47090722482e-01 -1.19317634974e+00
3.36289589857e-01 6.41339015857e-02
-3.60650441621e+01 3.86381436760e+01
8.53735760783e-01 -9.57844278035e-01
-6.37557119592e-01 2.12332563157e+00
2.38067038727e+00 -5.54107909982e-01
1.54768909423e+00 -7.26534292532e-01
8.10295754268e-01 1.92295523176e+00
5.88047684199e-01 6.80307923964e-01
-1.16872045068e+00 -4.30660450884e-01
-2.92854003668e+00 -2.43865572880e+00
6.44777600906e-03 -2.52991546445e-01
-7.74924994677e-01 -2.85448123545e-01
-7.11901303028e+00 -1.69837903174e+01
-6.26245371391e-01 1.07224682786e+01
1.06652586965e+00 5.77994918292e-01
1.88855845279e+00 -2.08894815874e-01
-4.65833935279e+00 -5.53887513967e-01
4.62758069490e-01 -1.05638912380e-01
5.61822048782e-01 -8.76094463493e-01
-7.33864754650e-01 9.88729697766e-01
5.38425384763e-01 -3.14825684540e-01
-2.92456503790e-01 -1.97064881687e-01
1.86008805266e-01 -4.82247042847e-01
9.60945866097e+00 4.87472144104e+00
-1.73306785803e+00 2.17326888421e+00
5.13790008352e-02 -1.22135264510e+00
8.86571530913e-01 7.36894473757e-01
-6.47309831566e+00 -1.95765522908e+00
-4.83326907748e-04 7.83780907375e-01
1.05714369798e+00 -8.96128458664e-01
2.47834724715e+00 2.17403716591e-01
-2.55126758299e+00 -4.13831862155e+00
2.18368571677e-01 -1.07073830247e+00
2.85077005461e+01 3.00451390465e+00
-2.93868676453e-01 -1.95819201354e-01
-6.95618694708e-01 1.48690761678e+00
3.76693629626e+01 -8.82426144274e-01
-1.41935976311e+01 2.74707716412e+00
-1.17077132029e+00 2.35005711039e+00
7.69942069850e-03 5.01025406512e-01
4.02452880052e-01 -5.22714782839e-02
9.49391328899e-01 6.54299500416e-01
-1.22248468923e+00 -9.73382910856e-01
1.20394604205e+00 2.17955518257e+00
7.46924417964e-01 -2.57902578240e-01
-4.49933470391e-01 -1.62427383435e-01
-1.04467285067e+00 1.58885676691e-01
2.14995230316e-01 1.71652282351e+00
8.51693161331e-02 -3.78832051746e-01
1.84205855691e+00 3.01994820434e+00
-3.92756975335e+00 -1.64976976865e+00
-8.28635302943e-01 1.04632161175e+00
-4.83357075769e-01 8.89627924973e-01
-3.65247212915e-01 9.53352063633e-01
-1.41963135232e-01 -1.82138675808e-01
-4.07057018223e+00 2.68961641692e+00
-1.57912399279e-01 -1.09829566370e-01
-5.89104376387e-01 2.07551299962e+00
1.34963642279e-01 -5.43475911099e-01
-9.67904893241e-01 -1.52419303562e+00
2.77479263018e+01 2.75620821436e+00
2.87970111644e+00 5.65564367644e+00
2.82329114751e-01 3.95988123148e-01
3.31394539839e+01 2.59541299433e+00
-2.88023997192e+00 -9.68263801495e-01
5.19855001354e-01 1.07166113562e+00
-3.01584213958e-01 -2.43170446107e-02
-1.20422006472e+01 -8.83284552573e-02
-9.50461780807e-02 4.14811054652e-01
1.46372978094e+01 2.75179888534e+00
7.70747989610e-01 5.83707465537e-01
-1.90347776679e-02 -1.08777481004e+00
2.32912775644e+00 -7.00614731866e+00
8.99287439147e+00 -6.16130097349e-01
4.12672737761e+00 -1.64874678205e+00
8.00863649995e+01 -5.18663462206e+01
4.99938070653e+01 3.08240092048e+01
1.61948416366e+00 -6.69439446548e-01
-4.96959456943e-01 -3.86466086731e-01
-5.91897586260e-01 -3.58644604350e-01
2.50538241166e+00 2.60520871400e+00
-3.47807771256e+00 9.90904991666e-01
2.27803954461e+01 3.61449864097e+01
8.05570908064e-01 -3.72077664648e-01
-4.54695671703e+00 -2.38382543522e+00
-5.40256681537e-01 3.07246795475e+00
-1.71780472271e+00 -3.44685587719e+00
-3.44391440151e+00 -1.49183851365e+00
-4.73544508720e+00 -1.48842011081e+00
-5.67220029659e-01 1.37458488404e-01
-4.44566914372e+00 8.07288958456e+00
-1.11452550644e+03 -5.98610949002e+02
-7.70414884516e-01 -1.23006798351e+00
-1.85226803963e-01 3.22081202661e-02
6.26658421827e+00 9.29481292297e+01
9.36222025930e-02 -4.46038237065e-01
2.43037809003e+00 4.71535533633e-01
-1.65161679227e-01 -1.05293350113e+00
1.70383323914e+01 -3.38299254446e+01
1.25260897138e+01 -3.55588471628e+00
2.23550564374e-01 1.03144961127e+00
1.76282518962e+00 3.01695459909e-01
2.34275745404e+00 -3.93088064356e-01
1.11553786880e+00 9.37976198560e-01
-2.72995737128e-01 3.32875889587e-01
1.59060314392e+00 -3.10867297802e+00
3.62317050033e-01 -5.03585686226e-01
2.13701608869e+00 -3.74260422588e-01
-2.19539946842e+00 -1.82448258521e+00
2.05520036627e+00 4.61972057155e+00
-1.62335414271e-01 -1.67367228807e+00
8.82367222057e-01 1.41267868222e+00
-3.67150490444e-01 -2.10022866614e-01
-2.16789986145e+00 2.86715839997e-01
-2.83260323950e+00 3.84792238044e+00
-8.20224077080e-01 -5.05616143259e-01
1.33616304544e-02 2.37409911594e+00
-3.80776297919e-01 -3.30459180670e-02
-8.03386751506e-01 -1.26016506710e+00
1.05704871900e+00 -9.30256660366e-03
-7.02003648746e+00 2.12279168194e+00
1.68397522371e+00 -6.70821518018e-01
-8.89155649312e-01 -7.65844507744e-01
